DBRep_DrawableShape

CASCADE Topology V1, (c) Matra-Datavision
Locations 684
1
              1               0               0             0.1 
              0               1               0               0 
              0               0               1               0 
1
              1               0               0             0.1 
              0               1               0               0 
              0               0               1               0 
1
              1               0               0               0 
              0               1               0             -50 
              0               0               1               0 
2  3 1 2 1 0
2  2 -1 0
1
              1               0               0            -440 
              0               1               0            -230 
              0               0               1               0 
1
              1               0               0           -2000 
              0               1               0           -1000 
              0               0               1            -180 
1
              1               0               0            2000 
              0               1               0               0 
              0               0               1               0 
1
              1               0               0           -1000 
              0               1               0            1000 
              0               0               1               0 
1
              1               0               0               0 
              0               1               0             -50 
              0               0               1               0 
2  7 1 8 1 9 1 10 1 0
1
              1               0               0               0 
              0               1               0             -30 
              0               0               1               0 
2  12 1 6 -1 0
2  6 -1 0
1
              1               0               0           -1000 
              0               1               0           -1000 
              0               0               1               0 
1
              1               0               0               0 
              0 0.999996573055985 0.00261799088741799 -1.47970668395214 
              0 -0.00261799088741799 0.999996573055985 -2.73903723183332 
2  16 1 2 1 0
2  16 -1 0
2  2 -1 16 -1 0
1
              1               0               0            0.11 
              0               1               0               0 
              0               0               1               0 
1
              1               0               0               0 
              0               1               0             -50 
              0               0               1               0 
1
              1               0               0           -2000 
              0               1               0           -1000 
              0               0               1            -180 
1
              1               0               0            2000 
              0               1               0               0 
              0               0               1               0 
1
              1               0               0           -1000 
              0               1               0            1000 
              0               0               1               0 
1
              1               0               0               0 
              0               1               0             -50 
              0               0               1               0 
2  22 1 23 1 24 1 25 1 0
1
              1               0               0               0 
              0               1               0             -15 
              0               0               1               0 
1
              1               0               0           -1360 
              0               1               0           -2015 
              0               0               1            -272 
2  20 -1 0
1
              1               0               0               0 
              0               1               0               0 
              0               0               1            1458 
1
              1               0               0           -1040 
              0               1               0            -574 
              0               0               1               0 
1
0.707106781186548 -0.707106781186547               0 -656.30299448658 
0.707106781186547 0.707106781186548               0 436.455590315577 
              0               0               1               0 
2  32 -1 0
1
0.707106781186548 -0.707106781186547               0 -656.30299448658 
0.707106781186547 0.707106781186548               0 436.455590315577 
              0               0               1               0 
2  34 -1 0
1
0.707106781186548 -0.707106781186547               0 -656.30299448658 
0.707106781186547 0.707106781186548               0 436.455590315577 
              0               0               1               0 
2  36 -1 0
1
0.707106781186548 -0.707106781186547               0 -562.577164466275 
0.707106781186547 0.707106781186548               0 210.181420335881 
              0               0               1               0 
2  38 -1 0
1
0.707106781186548 -0.707106781186547               0 -581.61522368915 
0.707106781186547 0.707106781186548               0 256.143361113007 
              0               0               1               0 
2  40 -1 0
1
0.642787609686539 -0.766044443118978               0 -654.03694453837 
0.766044443118978 0.642787609686539               0 254.58675383146 
              0               0               1               0 
2  42 -1 0
1
0.573576436351046 -0.819152044288992               0 -726.047411611254 
0.819152044288992 0.573576436351046               0 246.724101038895 
              0               0               1               0 
2  44 -1 0
1
            0.5 -0.866025403784439               0 -797.098581772268 
0.866025403784439             0.5               0 232.615242270663 
              0               0               1               0 
2  46 -1 0
1
0.422618261740699 -0.90630778703665               0 -866.649712714617 
0.90630778703665 0.422618261740699               0 212.367554461151 
              0               0               1               0 
2  48 -1 0
1
0.342020143325669 -0.939692620785908               0 -934.17147833571 
0.939692620785908 0.342020143325669               0 186.135134740479 
              0               0               1               0 
2  50 -1 0
1
0.258819045102521 -0.965925826289068               0 -999.149997228413 
0.965925826289068 0.258819045102521               0 154.117627662288 
              0               0               1               0 
2  52 -1 0
1
0.17364817766693 -0.984807753012208               0 -1061.09074362885 
0.984807753012208 0.17364817766693               0 116.558705788143 
              0               0               1               0 
2  54 -1 0
1
0.0871557427476581 -0.996194698091746               0 -1119.52231105607 
0.996194698091746 0.0871557427476581               0 73.7442151922031 
              0               0               1               0 
2  56 -1 0
1
1.11022302462516e-16              -1               0           -1174 
              1 1.11022302462516e-16               0 26.0000000000001 
              0               0               1               0 
2  58 -1 0
1
-0.0871557427476581 -0.996194698091746               0 -1224.10920235326 
0.996194698091746 -0.0871557427476581               0 -26.3105774821084 
              0               0               1               0 
2  60 -1 0
1
-0.17364817766693 -0.984807753012208               0 -1269.46855682917 
0.984807753012208 -0.17364817766693               0 -82.7894021734932 
              0               0               1               0 
2  62 -1 0
1
-0.258819045102521 -0.965925826289068               0 -1309.73285135144 
0.965925826289068 -0.258819045102521               0 -143.006636115406 
              0               0               1               0 
2  64 -1 0
1
-0.17364817766693 -0.984807753012208               0 -1269.46855682917 
0.984807753012208 -0.17364817766693               0 -82.7894021734932 
              0               0               1               0 
2  66 -1 0
1
-0.0871557427476581 -0.996194698091746               0 -1224.10920235326 
0.996194698091746 -0.0871557427476581               0 -26.3105774821084 
              0               0               1               0 
2  68 -1 0
1
1.11022302462516e-16              -1               0           -1174 
              1 1.11022302462516e-16               0 26.0000000000001 
              0               0               1               0 
2  70 -1 0
1
0.0871557427476581 -0.996194698091746               0 -1119.52231105607 
0.996194698091746 0.0871557427476581               0 73.7442151922031 
              0               0               1               0 
2  72 -1 0
1
0.17364817766693 -0.984807753012208               0 -1061.09074362885 
0.984807753012208 0.17364817766693               0 116.558705788143 
              0               0               1               0 
2  74 -1 0
1
0.0871557427476581 -0.996194698091746               0 -1119.52231105607 
0.996194698091746 0.0871557427476581               0 73.7442151922031 
              0               0               1               0 
2  76 -1 0
1
1.11022302462516e-16              -1               0           -1174 
              1 1.11022302462516e-16               0 26.0000000000001 
              0               0               1               0 
2  78 -1 0
1
-0.0871557427476581 -0.996194698091746               0 -1224.10920235326 
0.996194698091746 -0.0871557427476581               0 -26.3105774821084 
              0               0               1               0 
2  80 -1 0
1
-0.17364817766693 -0.984807753012208               0 -1269.46855682917 
0.984807753012208 -0.17364817766693               0 -82.7894021734932 
              0               0               1               0 
2  82 -1 0
1
-0.258819045102521 -0.965925826289068               0 -1309.73285135144 
0.965925826289068 -0.258819045102521               0 -143.006636115406 
              0               0               1               0 
2  84 -1 0
1
-0.342020143325669 -0.939692620785908               0 -1344.59565032651 
0.939692620785908 -0.342020143325669               0 -206.503989797389 
              0               0               1               0 
2  86 -1 0
1
-0.422618261740699 -0.90630778703665               0 -1373.79162680346 
0.90630778703665 -0.422618261740699               0 -272.798210017171 
              0               0               1               0 
2  88 -1 0
1
           -0.5 -0.866025403784439               0 -1397.09858177227 
0.866025403784439            -0.5               0 -341.384757729337 
              0               0               1               0 
2  90 -1 0
1
-0.573576436351046 -0.819152044288992               0 -1414.33913523251 
0.819152044288992 -0.573576436351046               0 -411.741647892106 
              0               0               1               0 
2  92 -1 0
1
-0.642787609686539 -0.766044443118978               0 -1425.38207616222 
0.766044443118978 -0.642787609686539               0 -483.333422088687 
              0               0               1               0 
2  94 -1 0
1
-0.707106781186547 -0.707106781186548               0 -1430.14336111301 
0.707106781186548 -0.707106781186547               0 -555.61522368915 
              0               0               1               0 
2  96 -1 0
1
-0.766044443118978 -0.642787609686539               0 -1428.58675383146 
0.642787609686539 -0.766044443118978               0 -628.03694453837 
              0               0               1               0 
2  98 -1 0
1
-0.819152044288992 -0.573576436351046               0 -1420.7241010389 
0.573576436351046 -0.819152044288992               0 -700.047411611254 
              0               0               1               0 
2  100 -1 0
1
-0.866025403784439            -0.5               0 -1406.61524227066 
            0.5 -0.866025403784439               0 -771.098581772268 
              0               0               1               0 
2  102 -1 0
1
-0.90630778703665 -0.422618261740699               0 -1386.36755446115 
0.422618261740699 -0.90630778703665               0 -840.649712714617 
              0               0               1               0 
2  104 -1 0
1
-0.939692620785908 -0.342020143325669               0 -1360.13513474048 
0.342020143325669 -0.939692620785908               0 -908.17147833571 
              0               0               1               0 
2  106 -1 0
1
-0.965925826289068 -0.258819045102521               0 -1328.11762766229 
0.258819045102521 -0.965925826289068               0 -973.149997228413 
              0               0               1               0 
2  108 -1 0
1
-0.939692620785908 -0.342020143325669               0 -1360.13513474048 
0.342020143325669 -0.939692620785908               0 -908.17147833571 
              0               0               1               0 
2  110 -1 0
1
-0.90630778703665 -0.422618261740699               0 -1386.36755446115 
0.422618261740699 -0.90630778703665               0 -840.649712714617 
              0               0               1               0 
2  112 -1 0
1
-0.866025403784439            -0.5               0 -1406.61524227066 
            0.5 -0.866025403784439               0 -771.098581772268 
              0               0               1               0 
2  114 -1 0
1
-0.819152044288992 -0.573576436351046               0 -1420.7241010389 
0.573576436351046 -0.819152044288992               0 -700.047411611254 
              0               0               1               0 
2  116 -1 0
1
-0.766044443118978 -0.642787609686539               0 -1428.58675383146 
0.642787609686539 -0.766044443118978               0 -628.03694453837 
              0               0               1               0 
2  118 -1 0
1
-0.707106781186547 -0.707106781186548               0 -1430.14336111301 
0.707106781186548 -0.707106781186547               0 -555.61522368915 
              0               0               1               0 
2  120 -1 0
1
-0.642787609686539 -0.766044443118978               0 -1425.38207616222 
0.766044443118978 -0.642787609686539               0 -483.333422088687 
              0               0               1               0 
2  122 -1 0
1
-0.573576436351046 -0.819152044288992               0 -1414.33913523251 
0.819152044288992 -0.573576436351046               0 -411.741647892106 
              0               0               1               0 
2  124 -1 0
1
           -0.5 -0.866025403784439               0 -1397.09858177227 
0.866025403784439            -0.5               0 -341.384757729337 
              0               0               1               0 
2  126 -1 0
1
-0.422618261740699 -0.90630778703665               0 -1373.79162680346 
0.90630778703665 -0.422618261740699               0 -272.798210017171 
              0               0               1               0 
2  128 -1 0
1
-0.342020143325669 -0.939692620785908               0 -1344.59565032651 
0.939692620785908 -0.342020143325669               0 -206.503989797389 
              0               0               1               0 
2  130 -1 0
1
-0.258819045102521 -0.965925826289068               0 -1309.73285135144 
0.965925826289068 -0.258819045102521               0 -143.006636115406 
              0               0               1               0 
2  132 -1 0
1
-0.17364817766693 -0.984807753012208               0 -1269.46855682917 
0.984807753012208 -0.17364817766693               0 -82.7894021734932 
              0               0               1               0 
2  134 -1 0
1
-0.0871557427476581 -0.996194698091746               0 -1224.10920235326 
0.996194698091746 -0.0871557427476581               0 -26.3105774821084 
              0               0               1               0 
2  136 -1 0
1
1.11022302462516e-16              -1               0           -1174 
              1 1.11022302462516e-16               0 26.0000000000001 
              0               0               1               0 
2  138 -1 0
1
1.11022302462516e-16              -1               0           -1429 
              1 1.11022302462516e-16               0             281 
              0               0               1               0 
2  140 -1 0
1
1.11022302462516e-16              -1               0           -1109 
              1 1.11022302462516e-16               0 -38.9999999999999 
              0               0               1               0 
2  142 -1 0
1
1.11022302462516e-16              -1               0           -1109 
              1 1.11022302462516e-16               0 -38.9999999999999 
              0               0               1               0 
2  144 -1 0
1
1.11022302462516e-16              -1               0           -1109 
              1 1.11022302462516e-16               0 -38.9999999999999 
              0               0               1               0 
2  146 -1 0
1
1.11022302462516e-16              -1               0           -1174 
              1 1.11022302462516e-16               0 26.0000000000001 
              0               0               1               0 
2  148 -1 0
1
1.11022302462516e-16              -1               0           -1174 
              1 1.11022302462516e-16               0 26.0000000000001 
              0               0               1               0 
2  150 -1 0
1
0.707106781186548 -0.707106781186547               0 -600.653282912024 
0.707106781186547 0.707106781186548               0 302.105301890132 
              0               0               1               0 
2  152 -1 0
1
0.707106781186548 -0.707106781186547               0 -600.653282912024 
0.707106781186547 0.707106781186548               0 302.105301890132 
              0               0               1               0 
2  154 -1 0
1
0.707106781186548 -0.707106781186547               0 -600.653282912024 
0.707106781186547 0.707106781186548               0 302.105301890132 
              0               0               1               0 
2  156 -1 0
1
              1               0               0               0 
              0 0.707106781186548 -0.707106781186547 302.105301890132 
              0 0.707106781186547 0.707106781186548 600.653282912024 
2  158 -1 0
1
              1               0               0               0 
              0 0.642787609686539 -0.766044443118978 304.379642634194 
              0 0.766044443118978 0.642787609686539 677.255749908745 
2  160 -1 0
1
              1               0               0               0 
              0 0.573576436351046 -0.819152044288992 299.96898391768 
              0 0.819152044288992 0.573576436351046 753.764943248436 
2  162 -1 0
1
              1               0               0               0 
              0             0.5 -0.866025403784439 288.906893516652 
              0 0.866025403784439             0.5 829.598581772268 
2  164 -1 0
1
              1               0               0               0 
              0 0.422618261740699 -0.90630778703665 271.277560618534 
              0 0.90630778703665 0.422618261740699 904.179525701472 
2  166 -1 0
1
              1               0               0               0 
              0             0.5 -0.866025403784439 288.906893516652 
              0 0.866025403784439             0.5 829.598581772268 
2  168 -1 0
1
              1               0               0               0 
              0 0.573576436351046 -0.819152044288992 299.96898391768 
              0 0.819152044288992 0.573576436351046 753.764943248436 
2  170 -1 0
1
              1               0               0               0 
              0 0.642787609686539 -0.766044443118978 304.379642634194 
              0 0.766044443118978 0.642787609686539 677.255749908745 
2  172 -1 0
1
              1               0               0               0 
              0 0.707106781186548 -0.707106781186547 302.105301890132 
              0 0.707106781186547 0.707106781186548 600.653282912024 
2  174 -1 0
1
              1               0               0               0 
              0 0.766044443118978 -0.642787609686539 293.163270791842 
              0 0.642787609686539 0.766044443118978 524.540533285953 
2  176 -1 0
1
              1               0               0               0 
              0 0.819152044288992 -0.573576436351046 277.621603595327 
              0 0.573576436351046 0.819152044288992 449.496765013321 
2  178 -1 0
1
              1               0               0               0 
              0 0.866025403784439            -0.5 255.598581772268 
              0             0.5 0.866025403784439 376.093106483348 
2  180 -1 0
1
              1               0               0               0 
              0 0.90630778703665 -0.422618261740699 227.261813816602 
              0 0.422618261740699 0.90630778703665 304.888203859789 
2  182 -1 0
1
              1               0               0               0 
              0 0.939692620785908 -0.342020143325669 192.826959642681 
              0 0.342020143325669 0.939692620785908 236.423969446305 
2  184 -1 0
1
              1               0               0               0 
              0 0.90630778703665 -0.422618261740699 227.261813816602 
              0 0.422618261740699 0.90630778703665 304.888203859789 
2  186 -1 0
1
              1               0               0               0 
              0 0.866025403784439            -0.5 255.598581772268 
              0             0.5 0.866025403784439 376.093106483348 
2  188 -1 0
1
              1               0               0               0 
              0 0.819152044288992 -0.573576436351046 277.621603595327 
              0 0.573576436351046 0.819152044288992 449.496765013321 
2  190 -1 0
1
              1               0               0               0 
              0 0.766044443118978 -0.642787609686539 293.163270791842 
              0 0.642787609686539 0.766044443118978 524.540533285953 
2  192 -1 0
1
              1               0               0               0 
              0 0.707106781186548 -0.707106781186547 302.105301890132 
              0 0.707106781186547 0.707106781186548 600.653282912024 
2  194 -1 0
1
              1               0               0               0 
              0 0.766044443118978 -0.642787609686539 293.163270791842 
              0 0.642787609686539 0.766044443118978 524.540533285953 
2  196 -1 0
1
              1               0               0               0 
              0 0.819152044288992 -0.573576436351046 277.621603595327 
              0 0.573576436351046 0.819152044288992 449.496765013321 
2  198 -1 0
1
              1               0               0               0 
              0 0.866025403784439            -0.5 255.598581772268 
              0             0.5 0.866025403784439 376.093106483348 
2  200 -1 0
1
              1               0               0               0 
              0 0.90630778703665 -0.422618261740699 227.261813816602 
              0 0.422618261740699 0.90630778703665 304.888203859789 
2  202 -1 0
1
              1               0               0               0 
              0 0.939692620785908 -0.342020143325669 192.826959642681 
              0 0.342020143325669 0.939692620785908 236.423969446305 
2  204 -1 0
1
              1               0               0               0 
              0 0.965925826289068 -0.258819045102521 152.556089283102 
              0 0.258819045102521 0.965925826289068 171.221457406617 
2  206 -1 0
1
              1               0               0               0 
              0 0.984807753012208 -0.17364817766693 106.755688377516 
              0 0.17364817766693 0.984807753012208  109.7768982277 
2  208 -1 0
1
              1               0               0               0 
              0 0.996194698091746 -0.0871557427476582 55.7743256318546 
              0 0.0871557427476582 0.996194698091746 52.557922106145 
2  210 -1 0
1
              1               0               0               0 
              0               1               0               0 
              0               0               1               0 
2  212 -1 0
1
              1               0               0               0 
              0 0.996194698091746 0.0871557427476582 -60.1428122225308 
              0 -0.0871557427476582 0.996194698091746 -47.4968705681665 
2  214 -1 0
1
              1               0               0               0 
              0 0.984807753012208 0.17364817766693 -124.196387919501 
              0 -0.17364817766693 0.984807753012208 -89.5712097339364 
2  216 -1 0
1
              1               0               0               0 
              0 0.965925826289068 0.258819045102521 -191.673240703251 
              0 -0.258819045102521 0.965925826289068 -125.902806371077 
2  218 -1 0
1
              1               0               0               0 
              0 0.939692620785908 0.342020143325669 -262.059830980458 
              0 -0.342020143325669 0.939692620785908 -156.215155091563 
2  220 -1 0
1
              1               0               0               0 
              0 0.90630778703665 0.422618261740699 -334.820474298528 
              0 -0.422618261740699 0.90630778703665 -180.277560618534 
2  222 -1 0
1
              1               0               0               0 
              0 0.866025403784439             0.5 -409.401418227732 
              0            -0.5 0.866025403784439 -197.906893516652 
2  224 -1 0
1
              1               0               0               0 
              0 0.819152044288992 0.573576436351046 -485.235056751564 
              0 -0.573576436351046 0.819152044288992 -208.96898391768 
2  226 -1 0
1
              1               0               0               0 
              0 0.766044443118978 0.642787609686539 -561.744250091255 
              0 -0.642787609686539 0.766044443118978 -213.379642634194 
2  228 -1 0
1
              1               0               0               0 
              0 0.707106781186548 0.707106781186547 -638.346717087976 
              0 -0.707106781186547 0.707106781186548 -211.105301890132 
2  230 -1 0
1
              1               0               0               0 
              0 0.642787609686539 0.766044443118978 -714.459466714047 
              0 -0.766044443118978 0.642787609686539 -202.163270791842 
2  232 -1 0
1
              1               0               0               0 
              0 0.573576436351046 0.819152044288992 -789.503234986679 
              0 -0.819152044288992 0.573576436351046 -186.621603595327 
2  234 -1 0
1
              1               0               0               0 
              0             0.5 0.866025403784439 -862.906893516652 
              0 -0.866025403784439             0.5 -164.598581772268 
2  236 -1 0
1
              1               0               0               0 
              0 0.422618261740699 0.90630778703665 -934.111796140211 
              0 -0.90630778703665 0.422618261740699 -136.261813816602 
2  238 -1 0
1
              1               0               0               0 
              0 0.342020143325669 0.939692620785908 -1002.5760305537 
              0 -0.939692620785908 0.342020143325669 -101.826959642681 
2  240 -1 0
1
              1               0               0               0 
              0 0.258819045102521 0.965925826289068 -1067.77854259338 
              0 -0.965925826289068 0.258819045102521 -61.5560892831015 
2  242 -1 0
1
              1               0               0               0 
              0 0.17364817766693 0.984807753012208 -1129.2231017723 
              0 -0.984807753012208 0.17364817766693 -15.7556883775161 
2  244 -1 0
1
              1               0               0               0 
              0 0.0871557427476581 0.996194698091746 -1186.44207789385 
              0 -0.996194698091746 0.0871557427476581 35.2256743681454 
2  246 -1 0
1
              1               0               0               0 
              0 1.11022302462516e-16               1           -1239 
              0              -1 1.11022302462516e-16 90.9999999999999 
2  248 -1 0
1
              1               0               0               0 
              0 -0.0871557427476581 0.996194698091746 -1286.49687056817 
              0 -0.996194698091746 -0.0871557427476581 151.142812222531 
2  250 -1 0
1
              1               0               0               0 
              0 -0.17364817766693 0.984807753012208 -1328.57120973394 
              0 -0.984807753012208 -0.17364817766693 215.196387919501 
2  252 -1 0
1
              1               0               0               0 
              0 -0.258819045102521 0.965925826289068 -1364.90280637108 
              0 -0.965925826289068 -0.258819045102521 282.673240703251 
2  254 -1 0
1
              1               0               0               0 
              0 -0.342020143325669 0.939692620785908 -1395.21515509156 
              0 -0.939692620785908 -0.342020143325669 353.059830980458 
2  256 -1 0
1
              1               0               0               0 
              0 -0.422618261740699 0.90630778703665 -1419.27756061853 
              0 -0.90630778703665 -0.422618261740699 425.820474298528 
2  258 -1 0
1
              1               0               0               0 
              0            -0.5 0.866025403784439 -1436.90689351665 
              0 -0.866025403784439            -0.5 500.401418227732 
2  260 -1 0
1
              1               0               0               0 
              0 -0.573576436351046 0.819152044288992 -1447.96898391768 
              0 -0.819152044288992 -0.573576436351046 576.235056751565 
2  262 -1 0
1
              1               0               0               0 
              0 -0.642787609686539 0.766044443118978 -1452.37964263419 
              0 -0.766044443118978 -0.642787609686539 652.744250091255 
2  264 -1 0
1
              1               0               0               0 
              0 -0.707106781186547 0.707106781186548 -1450.10530189013 
              0 -0.707106781186548 -0.707106781186547 729.346717087976 
2  266 -1 0
1
              1               0               0               0 
              0 -0.766044443118978 0.642787609686539 -1441.16327079184 
              0 -0.642787609686539 -0.766044443118978 805.459466714047 
2  268 -1 0
1
              1               0               0               0 
              0 -0.819152044288992 0.573576436351046 -1425.62160359533 
              0 -0.573576436351046 -0.819152044288992 880.503234986679 
2  270 -1 0
1
              1               0               0               0 
              0 -0.866025403784439             0.5 -1403.59858177227 
              0            -0.5 -0.866025403784439 953.906893516652 
2  272 -1 0
1
              1               0               0               0 
              0 -0.90630778703665 0.422618261740699 -1375.2618138166 
              0 -0.422618261740699 -0.90630778703665 1025.11179614021 
2  274 -1 0
1
              1               0               0               0 
              0 -0.939692620785908 0.342020143325669 -1340.82695964268 
              0 -0.342020143325669 -0.939692620785908 1093.5760305537 
2  276 -1 0
1
              1               0               0               0 
              0 -0.965925826289068 0.258819045102521 -1300.5560892831 
              0 -0.258819045102521 -0.965925826289068 1158.77854259338 
2  278 -1 0
1
              1               0               0               0 
              0 -0.984807753012208 0.17364817766693 -1254.75568837752 
              0 -0.17364817766693 -0.984807753012208 1220.2231017723 
2  280 -1 0
1
              1               0               0               0 
              0 -0.996194698091746 0.0871557427476582 -1203.77432563185 
              0 -0.0871557427476582 -0.996194698091746 1277.44207789385 
2  282 -1 0
1
              1               0               0               0 
              0              -1 1.22460635382238e-16           -1148 
              0 -1.22460635382238e-16              -1            1330 
2  284 -1 0
1
              1               0               0               0 
              0 -0.996194698091746 -0.0871557427476579 -1087.85718777747 
              0 0.0871557427476579 -0.996194698091746 1377.49687056817 
2  286 -1 0
1
              1               0               0               0 
              0 -0.984807753012208 -0.17364817766693 -1023.8036120805 
              0 0.17364817766693 -0.984807753012208 1419.57120973394 
2  288 -1 0
1
              1               0               0               0 
              0 -0.965925826289068 -0.258819045102521 -956.326759296749 
              0 0.258819045102521 -0.965925826289068 1455.90280637108 
2  290 -1 0
1
              1               0               0               0 
              0 -0.939692620785908 -0.342020143325669 -885.940169019542 
              0 0.342020143325669 -0.939692620785908 1486.21515509156 
2  292 -1 0
1
              1               0               0               0 
              0 -0.90630778703665 -0.422618261740699 -813.179525701472 
              0 0.422618261740699 -0.90630778703665 1510.27756061853 
2  294 -1 0
1
              1               0               0               0 
              0 -0.866025403784439            -0.5 -738.598581772268 
              0             0.5 -0.866025403784439 1527.90689351665 
2  296 -1 0
1
              1               0               0               0 
              0 -0.90630778703665 -0.422618261740699 -813.179525701472 
              0 0.422618261740699 -0.90630778703665 1510.27756061853 
2  298 -1 0
1
              1               0               0               0 
              0 -0.939692620785908 -0.342020143325669 -885.940169019542 
              0 0.342020143325669 -0.939692620785908 1486.21515509156 
2  300 -1 0
1
              1               0               0               0 
              0 -0.965925826289068 -0.258819045102521 -956.326759296749 
              0 0.258819045102521 -0.965925826289068 1455.90280637108 
2  302 -1 0
1
              1               0               0               0 
              0 -0.984807753012208 -0.17364817766693 -1023.8036120805 
              0 0.17364817766693 -0.984807753012208 1419.57120973394 
2  304 -1 0
1
              1               0               0               0 
              0 -0.996194698091746 -0.0871557427476579 -1087.85718777747 
              0 0.0871557427476579 -0.996194698091746 1377.49687056817 
2  306 -1 0
1
              1               0               0               0 
              0              -1 1.22460635382238e-16           -1148 
              0 -1.22460635382238e-16              -1            1330 
2  308 -1 0
1
              1               0               0               0 
              0 -0.996194698091746 0.0871557427476582 -1203.77432563185 
              0 -0.0871557427476582 -0.996194698091746 1277.44207789385 
2  310 -1 0
1
              1               0               0               0 
              0 -0.984807753012208 0.17364817766693 -1254.75568837752 
              0 -0.17364817766693 -0.984807753012208 1220.2231017723 
2  312 -1 0
1
              1               0               0               0 
              0 -0.965925826289068 0.258819045102521 -1300.5560892831 
              0 -0.258819045102521 -0.965925826289068 1158.77854259338 
2  314 -1 0
1
              1               0               0               0 
              0 -0.939692620785908 0.342020143325669 -1340.82695964268 
              0 -0.342020143325669 -0.939692620785908 1093.5760305537 
2  316 -1 0
1
              1               0               0               0 
              0 -0.90630778703665 0.422618261740699 -1375.2618138166 
              0 -0.422618261740699 -0.90630778703665 1025.11179614021 
2  318 -1 0
1
              1               0               0               0 
              0 -0.866025403784439             0.5 -1403.59858177227 
              0            -0.5 -0.866025403784439 953.906893516652 
2  320 -1 0
1
              1               0               0               0 
              0 -0.819152044288992 0.573576436351046 -1425.62160359533 
              0 -0.573576436351046 -0.819152044288992 880.503234986679 
2  322 -1 0
1
              1               0               0               0 
              0 -0.766044443118978 0.642787609686539 -1441.16327079184 
              0 -0.642787609686539 -0.766044443118978 805.459466714047 
2  324 -1 0
1
              1               0               0               0 
              0 -0.707106781186547 0.707106781186548 -1450.10530189013 
              0 -0.707106781186548 -0.707106781186547 729.346717087976 
2  326 -1 0
1
              1               0               0               0 
              0 -0.642787609686539 0.766044443118978 -1452.37964263419 
              0 -0.766044443118978 -0.642787609686539 652.744250091255 
2  328 -1 0
1
              1               0               0               0 
              0 -0.573576436351046 0.819152044288992 -1447.96898391768 
              0 -0.819152044288992 -0.573576436351046 576.235056751565 
2  330 -1 0
1
              1               0               0               0 
              0            -0.5 0.866025403784439 -1436.90689351665 
              0 -0.866025403784439            -0.5 500.401418227732 
2  332 -1 0
1
              1               0               0               0 
              0 -0.422618261740699 0.90630778703665 -1419.27756061853 
              0 -0.90630778703665 -0.422618261740699 425.820474298528 
2  334 -1 0
1
              1               0               0               0 
              0 -0.342020143325669 0.939692620785908 -1395.21515509156 
              0 -0.939692620785908 -0.342020143325669 353.059830980458 
2  336 -1 0
1
              1               0               0               0 
              0 -0.258819045102521 0.965925826289068 -1364.90280637108 
              0 -0.965925826289068 -0.258819045102521 282.673240703251 
2  338 -1 0
1
              1               0               0               0 
              0 -0.17364817766693 0.984807753012208 -1328.57120973394 
              0 -0.984807753012208 -0.17364817766693 215.196387919501 
2  340 -1 0
1
              1               0               0               0 
              0 -0.0871557427476581 0.996194698091746 -1286.49687056817 
              0 -0.996194698091746 -0.0871557427476581 151.142812222531 
2  342 -1 0
1
              1               0               0               0 
              0 1.11022302462516e-16               1           -1239 
              0              -1 1.11022302462516e-16 90.9999999999999 
2  344 -1 0
1
              1               0               0               0 
              0 0.0871557427476581 0.996194698091746 -1186.44207789385 
              0 -0.996194698091746 0.0871557427476581 35.2256743681454 
2  346 -1 0
1
              1               0               0               0 
              0 0.17364817766693 0.984807753012208 -1129.2231017723 
              0 -0.984807753012208 0.17364817766693 -15.7556883775161 
2  348 -1 0
1
              1               0               0               0 
              0 0.258819045102521 0.965925826289068 -1067.77854259338 
              0 -0.965925826289068 0.258819045102521 -61.5560892831015 
2  350 -1 0
1
              1               0               0               0 
              0 0.342020143325669 0.939692620785908 -1002.5760305537 
              0 -0.939692620785908 0.342020143325669 -101.826959642681 
2  352 -1 0
1
