DBRep_DrawableShape

CASCADE Topology V1, (c) Matra-Datavision
Locations 1
1
              1               0               0               0 
              0               1               0               0 
              0               0               1              70 
Curve2ds 183
1 0 -6.2831853071795862 0 1 
1 1.1347733836561156 6.2831853071795862 -0 -1 
1 0 -1.5707963267948966 1 0 
1 6.2831853071795862 6.1290619179131944 -1 -0 
1 1.0189365320945167 -6.2831853071795862 0 1 
1 7.1054273576010023e-016 2.5 1 0 
1 0 0 1 0 
1 1.1347733836561154 0 -0 -1 
1 0 0 0 1 
1 7.1054273576010023e-016 67.5 1 0 
1 0 0 1 0 
1 1.3709380820868056 0 0 -1 
1 1.0189365320945181 0 0 1 
1 7.5 0 0 -1 
1 7.5 0 0 -1 
1 7.5 -2.4999999999999996 -1 0 
1 0 0 0 1 
1 7.5 -67.5 -1 0 
1 0 0 0 1 
1 0 -6.2831853071795862 0 1 
1 1.1347733836561156 6.2831853071795862 -0 -1 
1 0 -1.5707963267948966 1 0 
1 6.2831853071795862 6.1290619179131944 -1 -0 
1 1.0189365320945167 -6.2831853071795862 0 1 
1 1.0189365320945141 0 0 1 
1 0.031053794255352797 0 -0 -1 
1 0 -2.5 1 0 
1 0 0 1 0 
1 0 -67.5 1 0 
1 0 0 1 0 
1 0 -6.2831853071795862 0 1 
1 0.03105379425535304 6.2831853071795862 -0 -1 
2 -25 -30.416666666666668 0.55045871559633031 0.83486238532110102 -0.83486238532110102 0.55045871559633031 42.916666666666664
1 0 1.5707963267948966 1 0 
1 0 -1.5707963267948966 1 0 
1 6.2831853071795862 1.3709380820867985 -1 -0 
1 1.0189365320945143 -6.2831853071795862 0 1 
1 1.0189365320945141 2.5 -1 -0 
1 0 0 1 0 
1 -2.5 7.5 0 -1 
1 1.5707963267948966 0 0 1 
1 7.5 -2.4999999999999996 -1 0 
1 0 0 0 1 
1 0 0 1 0 
1 0 7.5 1 0 
1 0 0 0 -1 
1 0 0 0 -1 
1 7.5 -67.5 -1 0 
1 0 0 0 1 
1 6.1290619179131944 0 0 -1 
1 0 0 0 1 
1 0 -6.2831853071795862 0 1 
1 0.03105379425535304 6.2831853071795862 -0 -1 
1 0 -1.5707963267948966 1 0 
1 6.2831853071795862 1.3709380820867985 -1 -0 
1 1.0189365320945143 -6.2831853071795862 0 1 
1 1.0189365320945141 67.5 -1 -0 
1 0 0 1 0 
1 -2.5 7.5 0 -1 
1 1.5707963267948966 0 0 1 
1 0 0 1 0 
1 0 7.5 1 0 
1 0 -2.4999999999999996 1 0 
1 0 0 0 1 
1 0 -67.5 1 0 
1 0 0 0 1 
1 6.1290619179131944 0 0 -1 
1 0 0 0 1 
2 -25 -30.416666666666668 0.55045871559633031 0.83486238532110102 -0.83486238532110102 0.55045871559633031 42.916666666666664
1 0 1.5707963267948966 1 0 
1 -2.5 0 -0 -1 
1 1.5707963267948966 0 0 1 
1 -47.5 0 0 1 
1 1.5707963267948966 0 0 1 
2 -25 30.416666666666668 0.55045871559633031 -0.83486238532110102 -0.83486238532110102 -0.55045871559633031 42.916666666666664
1 0 1.5707963267948966 1 0 
1 -47.5 -7.5 0 1 
1 1.5707963267948966 0 0 1 
2 -25 0 -1 0 0 1 7.5
1 0 1.5707963267948966 1 0 
1 6.2831853071795862 1.3709380820868056 -1 -0 
1 1.0189365320945167 -6.2831853071795862 0 1 
1 -47.5 -7.5 0 1 
1 1.5707963267948966 0 0 1 
1 0 -2.4999999999999996 1 0 
1 0 0 0 1 
1 0 0 1 0 
1 0 7.5 1 0 
1 0 -6.2831853071795862 0 1 
1 1.1347733836561158 6.2831853071795862 -0 -1 
1 0 -1.5707963267948966 1 0 
1 7.1054273576010023e-016 2.5 1 0 
1 0 0 1 0 
1 1.1347733836561154 0 -0 -1 
1 0 0 0 1 
1 7.1054273576010023e-016 67.5 1 0 
1 0 0 1 0 
1 1.3709380820868056 0 0 -1 
1 1.0189365320945181 0 0 1 
1 0 -6.2831853071795862 0 1 
1 1.1347733836561158 6.2831853071795862 -0 -1 
1 0 -1.5707963267948966 1 0 
1 6.2831853071795862 1.3709380820868056 -1 -0 
1 1.0189365320945167 -6.2831853071795862 0 1 
1 0 -67.5 1 0 
1 0 0 0 1 
1 0 0 1 0 
1 0 7.5 1 0 
1 6.2831853071795862 6.1290619179132015 -1 -0 
1 0 -6.2831853071795862 0 1 
1 0 0 1 0 
1 0 3.1415926535897931 1 0 
1 6.2831853071795862 0 0 1 
1 0 0 0 1 
1 6.2831853071795862 -0 0 1 
1 0 -0 0 1 
1 0 7 1 0 
8 0 1.5707963267948966
1 0 7.5 1 0 
8 0 1.5707963267948966
1 0 0 1 0 
1 1.5707963267948966 0 0 1 
1 -2.5 0 -0 -1 
8 4.7123889803846897 6.2831853071795862
1 6.2831853071795862 6.1290619179132015 -1 -0 
8 4.7123889803846897 6.2831853071795862
1 0 -6.2831853071795862 0 1 
8 0 1.5707963267948966
1 0 7.5 1 0 
8 0 1.5707963267948966
1 0 0 1 0 
8 4.7123889803846897 6.2831853071795862
1 6.2831853071795862 6.1290619179132015 -1 -0 
8 4.7123889803846897 6.2831853071795862
1 0 -6.2831853071795862 0 1 
1 0 2.5 1 0 
1 0 0 1 0 
1 0 67.5 1 0 
1 0 0 1 0 
1 1.0189365320945141 0 0 1 
1 0.031053794255352797 0 -0 -1 
8 4.7123889803846897 6.2831853071795862
1 6.2831853071795862 1.3709380820867985 -1 -0 
8 4.7123889803846897 6.2831853071795862
1 1.0189365320945143 -6.2831853071795862 0 1 
8 4.7123889803846897 6.2831853071795862
1 6.2831853071795862 1.3709380820867985 -1 -0 
8 4.7123889803846897 6.2831853071795862
1 1.0189365320945143 -6.2831853071795862 0 1 
1 1.5707963267948966 0 0 1 
1 -47.5 0 0 1 
1 0 1.5707963267948966 1 0 
2 -25 30.416666666666668 0.55045871559633031 -0.83486238532110102 -0.83486238532110102 -0.55045871559633031 42.916666666666664
1 0 -1.5707963267948966 1 0 
8 4.7123889803846897 6.2831853071795862
1 0.03105379425535304 6.2831853071795862 -0 -1 
8 4.7123889803846897 6.2831853071795862
1 1.0189365320945138 -6.2831853071795862 0 1 
2 0 0 1 0 -0 1 7.5
1 0 -1.5707963267948966 1 0 
8 4.7123889803846897 6.2831853071795862
1 0.03105379425535304 6.2831853071795862 -0 -1 
8 4.7123889803846897 6.2831853071795862
1 1.0189365320945138 -6.2831853071795862 0 1 
1 0 0 1 0 
1 0 -2.5 1 0 
1 0 0 1 0 
1 0 -67.5 1 0 
8 4.7123889803846897 6.2831853071795862
1 0.03105379425535304 6.2831853071795862 -0 -1 
8 4.7123889803846897 6.2831853071795862
1 0 -6.2831853071795862 0 1 
8 4.7123889803846897 6.2831853071795862
1 0.03105379425535304 6.2831853071795862 -0 -1 
8 4.7123889803846897 6.2831853071795862
1 0 -6.2831853071795862 0 1 
8 4.7123889803846897 6.2831853071795862
1 1.1347733836561156 6.2831853071795862 -0 -1 
8 4.7123889803846897 6.2831853071795862
1 0 -6.2831853071795862 0 1 
8 0 1.5707963267948966
1 0 7.5 1 0 
8 0 1.5707963267948966
1 0 0 1 0 
8 4.7123889803846897 6.2831853071795862
1 6.2831853071795862 6.1290619179131944 -1 -0 
8 4.7123889803846897 6.2831853071795862
1 1.0189365320945167 -6.2831853071795862 0 1 
8 4.7123889803846897 6.2831853071795862
1 1.1347733836561158 6.2831853071795862 -0 -1 
8 4.7123889803846897 6.2831853071795862
1 0 -6.2831853071795862 0 1 
8 4.7123889803846897 6.2831853071795862
1 6.2831853071795862 1.3709380820868056 -1 -0 
8 4.7123889803846897 6.2831853071795862
1 1.0189365320945167 -6.2831853071795862 0 1 
8 4.7123889803846897 6.2831853071795862
1 1.1347733836561156 6.2831853071795862 -0 -1 
8 4.7123889803846897 6.2831853071795862
1 0 -6.2831853071795862 0 1 
8 0 1.5707963267948966
1 0 7.5 1 0 
8 0 1.5707963267948966
1 0 0 1 0 
8 4.7123889803846897 6.2831853071795862
1 6.2831853071795862 6.1290619179131944 -1 -0 
8 4.7123889803846897 6.2831853071795862
1 1.0189365320945167 -6.2831853071795862 0 1 
8 4.7123889803846897 6.2831853071795862
1 1.1347733836561158 6.2831853071795862 -0 -1 
8 4.7123889803846897 6.2831853071795862
1 0 -6.2831853071795862 0 1 
8 4.7123889803846897 6.2831853071795862
1 6.2831853071795862 1.3709380820868056 -1 -0 
8 4.7123889803846897 6.2831853071795862
1 1.0189365320945167 -6.2831853071795862 0 1 
2 0 0 1 0 -0 1 7.5
1 6.2831853071795862 6.1290619179132015 -1 -0 
1 0 -6.2831853071795862 0 1 
1 1.0189365320945138 -6.2831853071795862 0 1 
1 0.03105379425535304 6.2831853071795862 -0 -1 
1 1.0189365320945138 -6.2831853071795862 0 1 
1 0.03105379425535304 6.2831853071795862 -0 -1 
Curves 132
2 22.500000000000004 6.1290619179131873 2.5 0.85155095731059871 -0.52427184466019439 -1.2325951644078309e-032 0.52427184466019439 0.85155095731059871 2.4492935982947064e-016 -1.2840956728923708e-016 -2.0856983083625782e-016 1 1.8999999999999999
2 22.5 6.1290619179131944 2.5 5.5511151231257827e-016 -1 1.2703590903906016e-032 1 5.5511151231257827e-016 2.4492935982947064e-016 -2.4492935982947064e-016 -1.2325951644078309e-031 1 1.8999999999999999
2 22.5 6.1290619179131944 2.5 0 0 -1 0.5242718446601925 0.85155095731059982 0 0.85155095731059982 -0.5242718446601925 0 1.8999999999999999
1 23.496116504854363 7.747008736803334 0 -0 -0 1 
2 22.5 6.1290619179131944 67.5 0 0 -1 0.5242718446601925 0.85155095731059982 0 0.85155095731059982 -0.5242718446601925 0 1.8999999999999999
1 24.399999999999999 6.1290619179131935 0 -0 -0 1 
1 24.399999999999999 0 0 0 0 1 
1 24.399999999999999 0 2.4999999999999996 -0 1 -0 
1 24.399999999999999 0 67.5 -0 1 -0 
2 22.500000000000004 6.1290619179131873 67.5 -0.85155095731059871 0.52427184466019439 -1.2325951644078309e-032 0.52427184466019439 0.85155095731059871 -2.4492935982947064e-016 -1.2840956728923708e-016 -2.0856983083625782e-016 -1 1.8999999999999999
2 22.5 6.1290619179131944 67.5 -5.5511151231257827e-016 1 1.2703590903906016e-032 1 5.5511151231257827e-016 -2.4492935982947064e-016 -2.4492935982947064e-016 -1.2325951644078309e-031 -1 1.8999999999999999
1 -23.496116504854371 7.747008736803334 0 -0 -0 1 
2 0 -30.416666666666668 2.5 0 0 -1 -0.55045871559633031 0.83486238532110102 0 0.83486238532110102 0.55045871559633031 0 44.816666666666663
2 0 -30.416666666666668 67.5 0 0 -1 -0.55045871559633031 0.83486238532110102 0 0.83486238532110102 0.55045871559633031 0 44.816666666666663
2 -22.499999999999993 6.1290619179131944 2.5 0.85155095731059882 0.52427184466019405 -0 -0.52427184466019405 0.85155095731059882 2.4492935982947059e-016 1.2840956728923698e-016 -2.085698308362578e-016 1 1.8999999999999999
2 0 -30.416666666666668 0.60000000000000009 0 0 -1 -0.55045871559633031 0.83486238532110102 0 0.83486238532110102 0.55045871559633031 0 42.916666666666664
2 -22.5 6.1290619179131927 2.5 -4.9960036108132044e-016 1 1.1433231813515413e-032 -1 -4.9960036108132044e-016 2.4492935982947069e-016 2.4492935982947064e-016 1.1093356479670479e-031 1 1.8999999999999999
2 -22.5 6.1290619179131944 2.5 0 -0 1 -0.5242718446601955 0.85155095731059804 0 -0.85155095731059804 -0.5242718446601955 -0 1.8999999999999999
1 -22.5 7.5 0.59999999999999964 -0 -1 -0 
1 -24.399999999999999 7.5 2.4999999999999996 -0 -1 -0 
2 -22.5 0 2.4999999999999996 -0 -1 -0 -1 0 0 0 0 -1 1.8999999999999999
1 -24.399999999999999 0 0 0 0 1 
1 -24.399999999999999 7.5 67.5 -0 -1 -0 
1 -24.399999999999999 6.1290619179131944 0 -0 -0 1 
2 -22.499999999999993 6.1290619179131944 67.5 -0.85155095731059882 -0.52427184466019405 -0 -0.52427184466019405 0.85155095731059882 -2.4492935982947059e-016 1.2840956728923698e-016 -2.085698308362578e-016 -1 1.8999999999999999
2 -22.5 6.1290619179131927 67.5 4.9960036108132044e-016 -1 1.1433231813515413e-032 -1 -4.9960036108132044e-016 -2.4492935982947069e-016 2.4492935982947064e-016 1.1093356479670479e-031 -1 1.8999999999999999
2 -22.5 6.1290619179131944 67.5 0 -0 1 -0.5242718446601955 0.85155095731059804 0 -0.85155095731059804 -0.5242718446601955 -0 1.8999999999999999
1 -22.5 7.5 69.400000000000006 -0 -1 -0 
2 -22.5 0 67.5 0 1 -0 -1 0 0 0 0 1 1.8999999999999999
1 -24.399999999999999 0 2.4999999999999996 0 -1 0 
1 -24.399999999999999 0 67.5 0 -1 0 
1 -24.399999999999999 -6.1290619179131944 0 0 0 1 
2 0 -30.416666666666668 69.400000000000006 0 0 -1 -0.55045871559633031 0.83486238532110102 0 0.83486238532110102 0.55045871559633031 0 42.916666666666664
1 -22.5 0 69.400000000000006 0 -1 0 
1 22.5 0 69.400000000000006 -0 1 -0 
2 0 30.416666666666668 69.400000000000006 -0 0 1 -0.55045871559633031 -0.83486238532110102 -0 0.83486238532110102 -0.55045871559633031 0 42.916666666666664
1 22.5 -7.5 69.400000000000006 0 1 0 
2 0 0 -0.59999999999999998 0 0 1 1 0 -0 -0 1 0 7.5
2 22.5 -6.1290619179131944 2.5 -5.5511151231257827e-016 -1 -1.2703590903906016e-032 1 -5.5511151231257827e-016 2.4492935982947064e-016 -2.4492935982947064e-016 1.2325951644078309e-031 1 1.8999999999999999
1 22.5 -7.5 0.59999999999999964 0 1 0 
1 24.399999999999999 -7.5 2.4999999999999996 0 1 0 
2 22.5 0 2.4999999999999996 -0 1 0 1 0 0 0 0 -1 1.8999999999999999
2 22.500000000000014 -6.1290619179131802 2.5 -0.8515509573105986 -0.52427184466019461 -0 0.52427184466019461 -0.8515509573105986 2.4492935982947074e-016 -1.284095672892372e-016 2.0856983083625787e-016 1 1.8999999999999999
2 22.5 -6.1290619179131944 2.5 -0 0 1 0.5242718446601925 -0.85155095731059982 0 0.85155095731059982 0.5242718446601925 0 1.8999999999999999
1 23.496116504854363 -7.747008736803334 0 0 0 1 
2 22.5 -6.1290619179131944 67.5 -0 0 1 0.5242718446601925 -0.85155095731059982 0 0.85155095731059982 0.5242718446601925 0 1.8999999999999999
1 24.399999999999999 -6.1290619179131935 0 0 0 1 
2 22.500000000000014 -6.1290619179131802 67.5 0.8515509573105986 0.52427184466019461 -0 0.52427184466019461 -0.8515509573105986 -2.4492935982947074e-016 -1.284095672892372e-016 2.0856983083625787e-016 -1 1.8999999999999999
2 22.5 -6.1290619179131944 67.5 5.5511151231257827e-016 1 -1.2703590903906016e-032 1 -5.5511151231257827e-016 -2.4492935982947064e-016 -2.4492935982947064e-016 1.2325951644078309e-031 -1 1.8999999999999999
1 24.399999999999999 -7.5 67.5 0 1 0 
2 22.5 0 67.5 0 -1 0 1 0 0 0 0 1 1.8999999999999999
2 -22.5 -6.1290619179131944 67.5 0 -1 -0 -1 0 -2.4492935982947064e-016 2.4492935982947064e-016 0 -1 1.8999999999999999
2 0 0 70 0 0 1 1 0 0 0 1 0 6.9000000000000004
2 7.5 -1.83697019872103e-015 70 2.4492935982947064e-016 1 0 1 -2.4492935982947064e-016 0 0 0 -1 0.59999999999999998
1 6.9000000000000004 -1.6900125828233475e-015 70 0 0 1 
2 0 0 77 0 0 1 1 0 0 0 1 0 6.9000000000000004
1 -25 0 0 0 0 1 
1 -25 0 2.4999999999999996 0 -1 0 
1 -25 0 67.5 0 -1 0 
1 -25 -6.1290619179131944 0 0 0 1 
1 -25 7.5 2.4999999999999996 -0 -1 -0 
1 -25 7.5 67.5 -0 -1 -0 
1 -25 6.1290619179131944 0 -0 -0 1 
2 -22.5 0 2.4999999999999996 -0 -1 -0 -1 0 0 0 0 -1 2.5
1 -22.5 0 -4.4408920985006262e-016 0 -1 0 
2 -22.5 -6.1290619179131944 2.5 0 1 0 -1 0 0 0 -0 1 2.5
2 -22.5 0 67.5 0 1 0 -1 0 0 0 -0 1 2.5
1 -22.5 0 70 0 -1 0 
2 -22.5 -6.1290619179131944 67.5 -0 -1 -0 -1 0 0 0 0 -1 2.5
2 -22.5 -6.1290619179131944 2.5 -0 -0 1 -1 0 0 -0 -1 -0 2.5
2 -22.5 -6.1290619179131944 67.5 -0 -0 1 -1 0 0 -0 -1 -0 2.5
1 -23.810679611650489 -8.2579393111896913 0 0 0 1 
2 -22.5 6.1290619179131944 2.5 -4.9960036108132044e-016 1 0 -1 -4.9960036108132044e-016 0 0 0 1 2.5
1 -22.5 7.5 -4.4408920985006262e-016 -0 -1 -0 
2 -22.5 6.1290619179131944 67.5 4.9960036108132044e-016 -1 0 -1 -4.9960036108132044e-016 0 0 -0 -1 2.5
1 -22.5 7.5 70 -0 -1 -0 
2 -22.5 6.1290619179131944 2.5 -0 -0 1 -0.5242718446601955 0.85155095731059804 0 -0.85155095731059804 -0.5242718446601955 -0 2.5
2 -22.5 6.1290619179131944 67.5 -0 -0 1 -0.5242718446601955 0.85155095731059804 0 -0.85155095731059804 -0.5242718446601955 -0 2.5
1 -23.810679611650489 8.2579393111896913 0 -0 -0 1 
2 0 -30.416666666666668 0 0 0 -1 -0.55045871559633031 0.83486238532110102 0 0.83486238532110102 0.55045871559633031 0 42.916666666666664
1 22.5 0 -4.4408920985006262e-016 -0 1 -0 
2 0 30.416666666666668 0 -0 -0 1 -0.55045871559633031 -0.83486238532110102 -0 0.83486238532110102 -0.55045871559633031 0 42.916666666666664
1 22.5 -7.5 -4.4408920985006262e-016 0 1 0 
2 -22.5 -6.1290619179131944 2.5 -0.85155095731059804 0.52427184466019539 0 -0.52427184466019539 -0.85155095731059804 0 0 0 1 2.5
2 0 -30.416666666666668 70 0 0 -1 -0.55045871559633031 0.83486238532110102 0 0.83486238532110102 0.55045871559633031 0 42.916666666666664
1 22.5 0 70 -0 1 -0 
2 0 30.416666666666668 70 -0 -0 1 -0.55045871559633031 -0.83486238532110102 -0 0.83486238532110102 -0.55045871559633031 0 42.916666666666664
1 22.5 -7.5 70 0 1 0 
2 0 0 70 0 0 1 1 0 -0 -0 1 0 7.5
2 -22.5 -6.1290619179131944 67.5 0.85155095731059804 -0.52427184466019539 0 -0.52427184466019539 -0.85155095731059804 0 0 -0 -1 2.5
2 0 30.416666666666668 2.5 -0 -0 1 -0.55045871559633031 -0.83486238532110102 -0 0.83486238532110102 -0.55045871559633031 0 45.416666666666664
2 0 30.416666666666668 67.5 -0 -0 1 -0.55045871559633031 -0.83486238532110102 -0 0.83486238532110102 -0.55045871559633031 0 45.416666666666664
1 23.810679611650478 -8.2579393111896913 0 0 0 1 
2 -22.5 6.1290619179131944 2.5 0.85155095731059804 0.5242718446601955 0 -0.5242718446601955 0.85155095731059804 0 0 -0 1 2.5
2 -22.5 6.1290619179131944 67.5 -0.85155095731059804 -0.5242718446601955 -0 -0.5242718446601955 0.85155095731059804 0 0 0 -1 2.5
2 0 -30.416666666666668 2.5 0 0 -1 -0.55045871559633031 0.83486238532110102 0 0.83486238532110102 0.55045871559633031 0 45.416666666666664
2 0 -30.416666666666668 67.5 0 0 -1 -0.55045871559633031 0.83486238532110102 0 0.83486238532110102 0.55045871559633031 0 45.416666666666664
1 23.810679611650478 8.2579393111896913 0 -0 -0 1 
2 22.5 6.1290619179131944 2.5 0.85155095731059982 -0.5242718446601925 0 0.5242718446601925 0.85155095731059982 0 -0 0 1 2.5
2 22.5 0 2.4999999999999996 0 1 0 1 0 -0 -0 0 -1 2.5
1 25 0 2.4999999999999996 -0 1 -0 
2 22.5 6.1290619179131944 2.5 5.5511151231257827e-016 -1 0 1 5.5511151231257827e-016 0 -0 0 1 2.5
2 22.5 -6.1290619179131944 2.5 -0.85155095731059982 -0.5242718446601925 -0 0.5242718446601925 -0.85155095731059982 0 -0 0 1 2.5
2 22.5 -6.1290619179131944 2.5 -5.5511151231257827e-016 -1 -0 1 -5.5511151231257827e-016 0 -0 0 1 2.5
1 25 -7.5 2.4999999999999996 0 1 0 
2 22.5 6.1290619179131944 67.5 -0.85155095731059982 0.5242718446601925 0 0.5242718446601925 0.85155095731059982 0 0 0 -1 2.5
2 22.5 0 67.5 -0 -1 -0 1 0 -0 0 -0 1 2.5
1 25 0 67.5 -0 1 -0 
2 22.5 6.1290619179131944 67.5 -5.5511151231257827e-016 1 0 1 5.5511151231257827e-016 0 0 0 -1 2.5
2 22.5 -6.1290619179131944 67.5 0.85155095731059982 0.5242718446601925 0 0.5242718446601925 -0.85155095731059982 0 0 0 -1 2.5
2 22.5 -6.1290619179131944 67.5 5.5511151231257827e-016 1 0 1 -5.5511151231257827e-016 0 0 0 -1 2.5
1 25 -7.5 67.5 0 1 0 
1 7.5 -1.83697019872103e-015 70 0 0 1 
2 0 0 77 0 0 1 1 0 -0 -0 1 0 7.5
2 22.5 -6.1290619179131944 2.5 -0 -0 1 0.5242718446601925 -0.85155095731059982 0 0.85155095731059982 0.5242718446601925 0 2.5
2 22.5 -6.1290619179131944 67.5 -0 -0 1 0.5242718446601925 -0.85155095731059982 0 0.85155095731059982 0.5242718446601925 0 2.5
1 25 -6.1290619179131944 0 0 0 1 
2 22.5 6.1290619179131944 2.5 0 0 -1 0.5242718446601925 0.85155095731059982 0 0.85155095731059982 -0.5242718446601925 0 2.5
2 22.5 6.1290619179131944 67.5 0 0 -1 0.5242718446601925 0.85155095731059982 0 0.85155095731059982 -0.5242718446601925 0 2.5
1 25 6.1290619179131944 0 -0 -0 1 
1 25 0 0 0 0 1 
2 -22.5 -6.1290619179131944 2.5 0 -0 1 -1 0 0 -0 -1 -0 1.8999999999999999
2 -22.5 -6.1290619179131944 67.5 0 -0 1 -1 0 0 -0 -1 -0 1.8999999999999999
1 -23.496116504854371 -7.747008736803334 0 0 0 1 
1 -22.5 0 0.59999999999999964 0 -1 0 
2 -22.5 -6.1290619179131944 2.5 0 1 -0 -1 0 2.4492935982947064e-016 2.4492935982947064e-016 0 1 1.8999999999999999
2 0 30.416666666666668 2.5 -0 0 1 -0.55045871559633031 -0.83486238532110102 -0 0.83486238532110102 -0.55045871559633031 0 44.816666666666663
2 0 30.416666666666668 67.5 -0 0 1 -0.55045871559633031 -0.83486238532110102 -0 0.83486238532110102 -0.55045871559633031 0 44.816666666666663
2 -22.499999999999993 -6.1290619179131944 67.5 0.85155095731059882 -0.52427184466019405 -0 -0.52427184466019405 -0.85155095731059882 -2.4492935982947059e-016 1.2840956728923698e-016 2.085698308362578e-016 -1 1.8999999999999999
1 22.5 0 0.59999999999999964 -0 1 -0 
2 0 30.416666666666668 0.60000000000000009 -0 0 1 -0.55045871559633031 -0.83486238532110102 -0 0.83486238532110102 -0.55045871559633031 0 42.916666666666664
2 -22.499999999999993 -6.1290619179131944 2.5 -0.85155095731059882 0.52427184466019405 -0 -0.52427184466019405 -0.85155095731059882 2.4492935982947059e-016 1.2840956728923698e-016 2.085698308362578e-016 1 1.8999999999999999
Polygon3D 0
PolygonOnTriangulations 0
Surfaces 68
4 22.5 6.1290619179131944 2.5 -0 -0 1 0.5242718446601925 0.85155095731059982 0 0.85155095731059982 -0.5242718446601925 -0 1.8999999999999999
5 0 -30.416666666666668 2.5 0 0 -1 -0.55045871559633031 0.83486238532110102 0 0.83486238532110102 0.55045871559633031 0 42.916666666666664 1.8999999999999999
2 22.5 0 2.4999999999999996 -0 1 -0 1 0 0 0 0 -1 1.8999999999999999
2 22.5 6.1290619179131944 0 -0 -0 1 0.52427184466019217 0.85155095731060004 0 0.85155095731060004 -0.52427184466019217 -0 1.8999999999999999
2 8.8817841970012523e-016 -30.416666666666668 0 0 0 -1 -0.55045871559633031 0.83486238532110102 -0 0.83486238532110102 0.55045871559633031 0 44.816666666666663
4 22.5 6.1290619179131944 67.5 0 0 -1 0.5242718446601925 0.85155095731059982 0 0.85155095731059982 -0.5242718446601925 0 1.8999999999999999
1 24.399999999999999 7.5 0 1 0 -0 0 -1 0 0 -0 -1 
1 24.399999999999999 -7.5 0 -1 0 0 0 1 0 0 0 -1 
2 22.5 0 67.5 -0 1 -0 1 0 0 -0 -0 1 1.8999999999999999
5 0 -30.416666666666668 67.5 -0 -0 1 -0.55045871559633031 0.83486238532110102 0 0.83486238532110102 0.55045871559633031 0 42.916666666666664 1.8999999999999999
2 -22.5 6.1290619179131944 0 -0 -0 1 -1 0 0 0 1 0 1.8999999999999999
4 -22.5 6.1290619179131944 2.5 -0 -0 1 -0.5242718446601955 0.85155095731059804 0 -0.85155095731059804 -0.5242718446601955 -0 1.8999999999999999
1 -25 0 0.59999999999999998 0 0 -1 -1 0 -0 0 1 0 
2 -22.5 7.5 2.4999999999999996 -0 -1 -0 -1 0 0 0 0 -1 1.8999999999999999
1 -24.399999999999999 0 0 -1 0 0 0 1 0 0 0 -1 
2 -22.5 0 2.4999999999999996 0 -1 0 -1 -0 0 0 -0 -1 1.8999999999999999
1 -24.399999999999999 0 0 1 0 -0 0 -1 0 0 -0 -1 
2 -22.5 7.5 67.5 -0 -1 -0 -1 0 0 -0 -0 1 1.8999999999999999
4 -22.5 6.1290619179131944 67.5 0 0 -1 -0.5242718446601955 0.85155095731059804 0 -0.85155095731059804 -0.5242718446601955 -0 1.8999999999999999
1 -25 0 -0.59999999999999998 0 0 -1 -1 0 -0 0 1 0 
2 -22.5 0 67.5 0 -1 0 -1 -0 0 -0 0 1 1.8999999999999999
2 -22.5 -6.1290619179131944 0 0 0 1 -1 0 0 0 -1 0 1.8999999999999999
5 0 30.416666666666668 67.5 -0 -0 1 -0.55045871559633031 -0.83486238532110102 -0 0.83486238532110102 -0.55045871559633031 0 42.916666666666664 1.8999999999999999
2 22.5 -7.5 67.5 0 1 0 1 0 -0 0 -0 1 1.8999999999999999
10 0 6.2831853071795862 1.5707963267948966 3.1415926535897931
5 0 0 70 -0 -0 -1 1 0 -0 -0 1 0 7.5 0.59999999999999998
2 22.5 -7.5 2.4999999999999996 0 1 0 1 0 -0 -0 0 -1 1.8999999999999999
4 22.5 -6.1290619179131944 2.5 -0 -0 1 0.5242718446601925 -0.85155095731059982 0 0.85155095731059982 0.5242718446601925 0 1.8999999999999999
5 0 30.416666666666668 2.5 0 0 -1 -0.55045871559633031 -0.83486238532110102 -0 0.83486238532110102 -0.55045871559633031 -0 42.916666666666664 1.8999999999999999
2 22.5 -6.1290619179131944 0 0 0 1 0.52427184466019217 -0.85155095731060004 0 0.85155095731060004 0.52427184466019217 -0 1.8999999999999999
2 8.8817841970012523e-016 30.416666666666668 0 -0 -0 -1 -0.55045871559633031 -0.83486238532110102 0 0.83486238532110102 -0.55045871559633031 0 44.816666666666663
4 22.5 -6.1290619179131944 67.5 0 0 -1 0.5242718446601925 -0.85155095731059982 0 0.85155095731059982 0.5242718446601925 0 1.8999999999999999
4 -22.5 -6.1290619179131944 67.5 0 0 -1 -1 0 0 -0 -1 -0 1.8999999999999999
2 0 0 70 0 0 1 1 0 -0 -0 1 0 6.9000000000000004
1 -25 0 0 1 0 -0 0 -1 0 0 -0 -1 
1 -25 0 0 -1 0 0 0 1 0 0 0 -1 
2 -22.5 0 2.4999999999999996 0 -1 0 -1 -0 0 0 -0 -1 2.5
2 -22.5 0 67.5 0 -1 0 -1 -0 0 -0 0 1 2.5
2 -22.5 -6.1290619179131944 0 0 0 1 -1 0 0 0 -1 0 2.5
2 -22.5 7.5 2.4999999999999996 -0 -1 -0 -1 0 0 0 0 -1 2.5
2 -22.5 7.5 67.5 -0 -1 -0 -1 0 0 -0 -0 1 2.5
2 -22.5 6.1290619179131944 0 -0 -0 1 -1 0 0 0 1 0 2.5
1 -25 0 0 0 0 -1 -1 0 -0 0 1 0 
4 -22.5 -6.1290619179131944 2.5 -0 -0 1 -1 0 0 -0 -1 -0 2.5
4 -22.5 -6.1290619179131944 67.5 0 0 -1 -1 0 0 -0 -1 -0 2.5
2 8.8817841970012523e-016 30.416666666666668 0 -0 -0 -1 -0.55045871559633031 -0.83486238532110102 0 0.83486238532110102 -0.55045871559633031 0 45.416666666666664
4 -22.5 6.1290619179131944 2.5 -0 -0 1 -0.5242718446601955 0.85155095731059804 0 -0.85155095731059804 -0.5242718446601955 -0 2.5
4 -22.5 6.1290619179131944 67.5 0 0 -1 -0.5242718446601955 0.85155095731059804 0 -0.85155095731059804 -0.5242718446601955 -0 2.5
2 8.8817841970012523e-016 -30.416666666666668 0 0 0 -1 -0.55045871559633031 0.83486238532110102 -0 0.83486238532110102 0.55045871559633031 0 45.416666666666664
5 0 -30.416666666666668 2.5 0 0 -1 -0.55045871559633031 0.83486238532110102 0 0.83486238532110102 0.55045871559633031 0 42.916666666666664 2.5
2 22.5 0 2.4999999999999996 -0 1 -0 1 0 0 0 0 -1 2.5
5 0 30.416666666666668 2.5 0 0 -1 -0.55045871559633031 -0.83486238532110102 -0 0.83486238532110102 -0.55045871559633031 -0 42.916666666666664 2.5
2 22.5 -7.5 2.4999999999999996 0 1 0 1 0 -0 -0 0 -1 2.5
5 0 -30.416666666666668 67.5 -0 -0 1 -0.55045871559633031 0.83486238532110102 0 0.83486238532110102 0.55045871559633031 0 42.916666666666664 2.5
2 22.5 0 67.5 -0 1 -0 1 0 0 -0 -0 1 2.5
5 0 30.416666666666668 67.5 -0 -0 1 -0.55045871559633031 -0.83486238532110102 -0 0.83486238532110102 -0.55045871559633031 0 42.916666666666664 2.5
2 22.5 -7.5 67.5 0 1 0 1 0 -0 0 -0 1 2.5
2 0 0 70 0 0 1 1 0 -0 -0 1 0 7.5
1 0 0 70 0 0 1 1 0 -0 -0 1 0 
2 22.5 -6.1290619179131944 0 0 0 1 0.52427184466019217 -0.85155095731060004 0 0.85155095731060004 0.52427184466019217 -0 2.5
2 22.5 6.1290619179131944 0 -0 -0 1 0.52427184466019217 0.85155095731060004 0 0.85155095731060004 -0.52427184466019217 -0 2.5
4 22.5 6.1290619179131944 2.5 -0 -0 1 0.5242718446601925 0.85155095731059982 0 0.85155095731059982 -0.5242718446601925 -0 2.5
1 25 7.5 0 1 0 -0 0 -1 0 0 -0 -1 
4 22.5 -6.1290619179131944 2.5 -0 -0 1 0.5242718446601925 -0.85155095731059982 0 0.85155095731059982 0.5242718446601925 0 2.5
1 25 -7.5 0 -1 0 0 0 1 0 0 0 -1 
4 22.5 6.1290619179131944 67.5 0 0 -1 0.5242718446601925 0.85155095731059982 0 0.85155095731059982 -0.5242718446601925 0 2.5
4 22.5 -6.1290619179131944 67.5 0 0 -1 0.5242718446601925 -0.85155095731059982 0 0.85155095731059982 0.5242718446601925 0 2.5
1 0 0 77 0 0 1 1 0 -0 -0 1 0 
4 -22.5 -6.1290619179131944 2.5 -0 -0 1 -1 0 0 -0 -1 -0 1.8999999999999999
Triangulations 0

TShapes 358
Ve
1.02469507659596e-007
22.5 6.12906191791319 0.6
0 0

0101101
*
Ve
1.02469507659596e-007
23.4961165048544 7.74700873680333 2.5
0 0

0101101
*
Ed
 1e-007 1 1 0
2  1 1 0 4.71238898038469 6.28318530717959
1  1 0 4.71238898038469 6.28318530717959
2  2 2 0 4.71238898038469 6.28318530717959
4 G1 1 0 2 0
0

0101100
+358 0 -357 0 *
Ed
 1e-007 1 1 1
2  3 1 0 0 1.01893653209452
0

0101000
+358 0 -358 0 *
Ve
1.02469507659596e-007
24.4 6.12906191791319 2.5
0 0

0101101
*
Ed
 1e-007 1 1 0
2  4 3 0 4.71238898038469 6.28318530717959
1  2 0 4.71238898038469 6.28318530717959
2  5 1 0 4.71238898038469 6.28318530717959
4 G1 1 0 3 0
0

0101100
+358 0 -354 0 *
Ed
 1e-007 1 1 0
2  6 4 0 0 1.01893653209452
1  3 0 0 1.01893653209452
2  7 1 0 0 1.01893653209452
4 G1 1 0 4 0
0

0101100
+357 0 -354 0 *
Wi

0101000
-356 0 +355 0 +353 0 -352 0 *
Fa
0  1e-007 1 0

0111000
+351 0 *
Ve
1.02469507659596e-007
23.4961165048544 7.74700873680333 67.5
0 0

0101101
*
Ed
 1e-007 1 1 0
2  8 5 0 2.5 67.5
1  4 0 2.5 67.5
2  9 4 0 2.5 67.5
4 G1 4 0 5 0
0

0101000
+357 0 -349 0 *
Ve
1.02469507659596e-007
24.4 6.12906191791319 67.5
0 0

0101101
*
Ed
 1e-007 1 1 0
2  10 4 0 0 1.01893653209452
1  5 0 0 1.01893653209452
2  11 6 0 0 1.01893653209452
4 G1 4 0 6 0
0

0101100
+349 0 -347 0 *
Ed
 1e-007 1 1 0
2  12 7 0 2.5 67.5
1  6 0 2.5 67.5
2  13 4 0 2.5 67.5
4 G1 7 0 4 0
0

0101000
+354 0 -347 0 *
Wi

0101000
-348 0 +352 0 -346 0 +345 0 *
Fa
0  1e-007 4 0

0111000
+344 0 *
Ve
1.02469507659596e-007
24.4 0 2.5
0 0

0101101
*
Ve
1.02469507659596e-007
24.4 0 67.5
0 0

0101101
*
Ed
 1e-007 1 1 0
2  14 7 0 2.5 67.5
1  7 0 2.5 67.5
2  15 8 0 2.5 67.5
4 G1 7 0 8 0
0

0101000
+342 0 -341 0 *
Ed
 1e-007 1 1 0
2  16 7 0 -0 6.12906191791319
1  8 0 -0 6.12906191791319
2  17 3 0 -0 6.12906191791319
4 G1 7 0 3 0
0

0101000
+342 0 -354 0 *
Ed
 1e-007 1 1 0
2  18 7 0 -0 6.12906191791319
1  9 0 -0 6.12906191791319
2  19 9 0 -0 6.12906191791319
4 G1 7 0 9 0
0

0101000
+341 0 -347 0 *
Wi

0101000
-340 0 +339 0 -338 0 +345 0 *
Fa
0  1e-007 7 0

0111000
+337 0 *
Ve
1.02469507659596e-007
22.5 6.12906191791319 69.4
0 0

0101101
*
Ed
 1e-007 1 1 0
2  20 6 0 4.71238898038469 6.28318530717959
1  10 0 4.71238898038469 6.28318530717959
2  21 10 0 4.71238898038469 6.28318530717959
4 G1 6 0 10 0
0

0101100
+335 0 -349 0 *
Ed
 1e-007 1 1 1
2  22 6 0 0 1.01893653209452
0

0101000
+335 0 -335 0 *
Ed
 1e-007 1 1 0
2  23 9 0 4.71238898038469 6.28318530717959
1  11 0 4.71238898038469 6.28318530717959
2  24 6 0 4.71238898038469 6.28318530717959
4 G1 6 0 9 0
0

0101100
+335 0 -347 0 *
Wi

0101000
-334 0 +333 0 +332 0 -346 0 *
Fa
0  1e-007 6 0

0111000
+331 0 *
Ve
1.02469507659596e-007
-23.4961165048544 7.74700873680333 2.5
0 0

0101101
*
Ve
1.02469507659596e-007
-23.4961165048544 7.74700873680333 67.5
0 0

0101101
*
Ed
 1e-007 1 1 0
2  25 11 0 2.5 67.5
1  12 0 2.5 67.5
2  26 5 0 2.5 67.5
4 G1 5 0 11 0
0

0101000
+329 0 -328 0 *
Ed
 1e-007 1 1 0
2  27 5 0 0.0310537942553528 1.13477338365612
1  13 0 0.0310537942553528 1.13477338365612
2  28 2 0 0.0310537942553528 1.13477338365612
4 G1 5 0 2 0
0

0101100
+329 0 -357 0 *
Ed
 1e-007 1 1 0
2  29 5 0 0.0310537942553528 1.13477338365612
1  14 0 0.0310537942553528 1.13477338365612
2  30 10 0 0.0310537942553528 1.13477338365612
4 G1 5 0 10 0
0

0101100
+328 0 -349 0 *
Wi

0101000
+327 0 -326 0 +325 0 -348 0 *
Fa
0  1e-007 5 0

0111000
+324 0 *
Ve
1.02469507659596e-007
-22.5 6.1290619179132 0.6
0 0

0101101
*
Ed
 1e-007 1 1 0
2  31 12 0 4.71238898038469 6.28318530717959
1  15 0 4.71238898038469 6.28318530717959
2  32 2 0 4.71238898038469 6.28318530717959
4 G1 2 0 12 0
0

0101100
+322 0 -329 0 *
Ed
 1e-007 1 1 0
2  33 13 0 0.031053794255353 1.13477338365612
1  16 0 0.031053794255353 1.13477338365612
2  34 2 0 0.031053794255353 1.13477338365612
4 G1 2 0 13 0
0

0101100
+322 0 -358 0 *
Wi

0101000
+321 0 -320 0 +326 0 -356 0 *
Fa
0  1e-007 2 0

0111000
+319 0 *
Ed
 1e-007 1 1 1
2  35 12 0 0 1.01893653209451
0

0101000
+322 0 -322 0 *
Ve
1.02469507659596e-007
-24.4 6.12906191791319 2.5
0 0

0101101
*
Ed
 1e-007 1 1 0
2  36 14 0 4.71238898038469 6.28318530717959
1  17 0 4.71238898038469 6.28318530717959
2  37 12 0 4.71238898038469 6.28318530717959
4 G1 14 0 12 0
0

0101100
+322 0 -316 0 *
Ed
 1e-007 1 1 0
2  38 11 0 0 1.01893653209451
1  18 0 0 1.01893653209451
2  39 12 0 0 1.01893653209451
4 G1 12 0 11 0
0

0101100
+329 0 -316 0 *
Wi

0101000
-321 0 +317 0 +315 0 -314 0 *
Fa
0  1e-007 12 0

0111000
+313 0 *
Ve
1.02469507659596e-007
-22.5 0 0.6
0 0

0101101
*
Ed
 1e-007 1 1 0
2  40 13 0 1.3709380820868 7.5
1  19 0 1.3709380820868 7.5
2  41 14 0 1.3709380820868 7.5
4 G1 14 0 13 0
0

0101000
+322 0 -311 0 *
Ve
1.02469507659596e-007
-24.4 0 2.5
0 0

0101101
*
Ed
 1e-007 1 1 0
2  42 15 0 1.37093808208681 7.5
1  20 0 1.37093808208681 7.5
2  43 14 0 1.37093808208681 7.5
4 G1 14 0 15 0
0

0101000
+316 0 -309 0 *
Ed
 1e-007 1 1 0
2  44 16 0 0 1.5707963267949
1  21 0 0 1.5707963267949
2  45 14 0 0 1.5707963267949
4 G1 14 0 16 0
0

0101100
+309 0 -311 0 *
Wi

0101000
-315 0 +310 0 -308 0 -307 0 *
Fa
0  1e-007 14 0

0111000
+306 0 *
Ve
1.02469507659596e-007
-24.4 0 67.5
0 0

0101101
*
Ed
 1e-007 1 1 0
2  46 17 0 2.5 67.5
1  22 0 2.5 67.5
2  47 15 0 2.5 67.5
4 G1 15 0 17 0
0

0101000
+309 0 -304 0 *
Ve
1.02469507659596e-007
-24.4 6.12906191791319 67.5
0 0

0101101
*
Ed
 1e-007 1 1 0
2  48 15 0 1.37093808208681 7.5
1  23 0 1.37093808208681 7.5
2  49 18 0 1.37093808208681 7.5
4 G1 15 0 18 0
0

0101000
+302 0 -304 0 *
Ed
 1e-007 1 1 0
2  50 15 0 2.5 67.5
1  24 0 2.5 67.5
2  51 11 0 2.5 67.5
4 G1 15 0 11 0
0

0101000
+316 0 -302 0 *
Wi

0101000
+303 0 +308 0 -301 0 -300 0 *
Fa
0  1e-007 15 0

0111000
+299 0 *
Ve
1.02469507659596e-007
-22.5 6.1290619179132 69.4
0 0

0101101
*
Ed
 1e-007 1 1 0
2  52 19 0 4.71238898038469 6.28318530717959
1  25 0 4.71238898038469 6.28318530717959
2  53 10 0 4.71238898038469 6.28318530717959
4 G1 19 0 10 0
0

0101100
+297 0 -328 0 *
Ed
 1e-007 1 1 1
2  54 19 0 0 1.01893653209451
0

0101000
+297 0 -297 0 *
Ed
 1e-007 1 1 0
2  55 18 0 4.71238898038469 6.28318530717959
1  26 0 4.71238898038469 6.28318530717959
2  56 19 0 4.71238898038469 6.28318530717959
4 G1 19 0 18 0
0

0101100
+297 0 -302 0 *
Ed
 1e-007 1 1 0
2  57 11 0 0 1.01893653209451
1  27 0 0 1.01893653209451
2  58 19 0 0 1.01893653209451
4 G1 19 0 11 0
0

0101100
+328 0 -302 0 *
Wi

0101000
-296 0 +295 0 +294 0 -293 0 *
Fa
0  1e-007 19 0

0111000
+292 0 *
Ve
1.02469507659596e-007
-22.5 0 69.4
0 0

0101101
*
Ed
 1e-007 1 1 0
2  59 20 1 1.3709380820868 7.5
1  28 0 1.3709380820868 7.5
2  60 18 0 1.3709380820868 7.5
4 G1 20 1 18 0
0

0101000
+297 0 -290 0 *
Ed
 1e-007 1 1 0
2  61 21 0 0 1.5707963267949
1  29 0 0 1.5707963267949
2  62 18 0 0 1.5707963267949
4 G1 21 0 18 0
0

0101100
+304 0 -290 0 *
Wi

0101000
-294 0 +289 0 -301 0 -288 0 *
Fa
0  1e-007 18 0

0111000
+287 0 *
Ve
1.02469507659596e-007
-24.4 -6.12906191791319 2.5
0 0

0101101
*
Ed
 1e-007 1 1 0
2  63 17 0 0 6.12906191791319
1  30 0 0 6.12906191791319
2  64 16 0 0 6.12906191791319
4 G1 17 0 16 0
0

0101000
+309 0 -285 0 *
Ve
1.02469507659596e-007
-24.4 -6.12906191791319 67.5
0 0

0101101
*
Ed
 1e-007 1 1 0
2  65 17 0 0 6.12906191791319
1  31 0 0 6.12906191791319
2  66 21 0 0 6.12906191791319
4 G1 21 0 17 0
0

0101000
+304 0 -283 0 *
Ed
 1e-007 1 1 0
2  67 17 0 2.5 67.5
1  32 0 2.5 67.5
2  68 22 0 2.5 67.5
4 G1 17 0 22 0
0

0101000
+285 0 -283 0 *
Wi

0101000
+303 0 -284 0 +282 0 -281 0 *
Fa
0  1e-007 17 0

0111000
+280 0 *
Ed
 1e-007 1 1 0
2  69 20 1 0.031053794255353 1.13477338365612
1  33 0 0.031053794255353 1.13477338365612
2  70 10 0 0.031053794255353 1.13477338365612
4 G1 20 1 10 0
0

0101100
+297 0 -335 0 *
Ve
1.02469507659596e-007
-22.5 -6.1290619179132 69.4
0 0

0101101
*
Ed
 1e-007 1 1 0
2  71 20 1 0 6.1290619179132
1  34 0 0 6.1290619179132
2  72 21 0 0 6.1290619179132
4 G1 20 1 21 0
0

0101000
+290 0 -277 0 *
Ve
1.02469507659596e-007
22.5 0 69.4
0 0

0101101
*
Ed
 1e-007 1 1 0
2  73 20 1 -0 6.12906191791319
1  35 0 -0 6.12906191791319
2  74 9 0 -0 6.12906191791319
4 G1 20 1 9 0
0

0101000
+275 0 -335 0 *
Ve
1.02469507659596e-007
22.5 -6.12906191791319 69.4
0 0

0101101
*
Ed
 1e-007 1 1 0
2  75 20 1 0.031053794255353 1.13477338365612
1  36 0 0.031053794255353 1.13477338365612
2  76 23 0 0.031053794255353 1.13477338365612
4 G1 20 1 23 0
0

0101100
+277 0 -273 0 *
Ed
 1e-007 1 1 0
2  77 20 1 1.37093808208681 7.5
1  37 0 1.37093808208681 7.5
2  78 24 0 1.37093808208681 7.5
4 G1 20 1 24 0
0

0101000
+273 0 -275 0 *
Wi

0101000
-289 0 +278 0 -276 0 -274 0 -272 0 -271 0 *
Ve
1e-006
7.5 0 69.4
0 0

0101101
*
Ed
 1e-007 1 1 0
2  79 20 1 0 6.28318530717959
1  38 1 0 6.28318530717959
2  80 25 0 0 6.28318530717959
4 G1 20 1 25 0
0

0101100
+269 0 -269 0 *
Wi

0101000
+268 0 *
Fa
0  1e-007 20 1

0111000
+270 0 +267 0 *
Ve
1.02469507659596e-007
22.5 -6.12906191791319 0.6
0 0

0101101
*
Ve
1.02469507659596e-007
24.4 -6.12906191791319 2.5
0 0

0101101
*
Ed
 1e-007 1 1 0
2  81 26 0 4.71238898038469 6.28318530717959
1  39 0 4.71238898038469 6.28318530717959
2  82 27 0 4.71238898038469 6.28318530717959
4 G1 26 0 27 0
0

0101100
+265 0 -264 0 *
Ve
1.02469507659596e-007
22.5 0 0.6
0 0

0101101
*
Ed
 1e-007 1 1 0
2  83 13 0 1.37093808208681 7.5
1  40 0 1.37093808208681 7.5
2  84 26 0 1.37093808208681 7.5
4 G1 26 0 13 0
0

0101000
+265 0 -262 0 *
Ed
 1e-007 1 1 0
2  85 8 0 1.37093808208681 7.5
1  41 0 1.37093808208681 7.5
2  86 26 0 1.37093808208681 7.5
4 G1 26 0 8 0
0

0101000
+264 0 -342 0 *
Ed
 1e-007 1 1 0
2  87 3 0 0 1.5707963267949
1  42 0 0 1.5707963267949
2  88 26 0 0 1.5707963267949
4 G1 26 0 3 0
0

0101100
+342 0 -262 0 *
Wi

0101000
-263 0 +261 0 -260 0 -259 0 *
Fa
0  1e-007 26 0

0111000
+258 0 *
Ve
1.02469507659596e-007
23.4961165048544 -7.74700873680333 2.5
0 0

0101101
*
Ed
 1e-007 1 1 0
2  89 27 0 4.71238898038469 6.28318530717959
1  43 0 4.71238898038469 6.28318530717959
2  90 28 0 4.71238898038469 6.28318530717959
4 G1 27 0 28 0
0

0101100
+265 0 -256 0 *
Ed
 1e-007 1 1 1
2  91 27 0 0 1.01893653209452
0

0101000
+265 0 -265 0 *
Ed
 1e-007 1 1 0
2  92 29 0 0 1.01893653209452
1  44 0 0 1.01893653209452
2  93 27 0 0 1.01893653209452
4 G1 29 0 27 0
0

0101100
+256 0 -264 0 *
Wi

0101000
-255 0 +254 0 +263 0 -253 0 *
Fa
0  1e-007 27 0

0111000
+252 0 *
Ve
1.02469507659596e-007
23.4961165048544 -7.74700873680333 67.5
0 0

0101101
*
Ed
 1e-007 1 1 0
2  94 30 0 2.5 67.5
1  45 0 2.5 67.5
2  95 29 0 2.5 67.5
4 G1 29 0 30 0
0

0101000
+256 0 -250 0 *
Ve
1.02469507659596e-007
24.4 -6.12906191791319 67.5
0 0

0101101
*
Ed
 1e-007 1 1 0
2  96 29 0 0 1.01893653209452
1  46 0 0 1.01893653209452
2  97 31 0 0 1.01893653209452
4 G1 31 0 29 0
0

0101100
+250 0 -248 0 *
Ed
 1e-007 1 1 0
2  98 8 0 2.5 67.5
1  47 0 2.5 67.5
2  99 29 0 2.5 67.5
4 G1 29 0 8 0
0

0101000
+264 0 -248 0 *
Wi

0101000
-249 0 +253 0 -247 0 +246 0 *
Fa
0  1e-007 29 0

0111000
+245 0 *
Ed
 1e-007 1 1 0
2  100 31 0 4.71238898038469 6.28318530717959
1  48 0 4.71238898038469 6.28318530717959
2  101 23 0 4.71238898038469 6.28318530717959
4 G1 31 0 23 0
0

0101100
+273 0 -250 0 *
Ed
 1e-007 1 1 1
2  102 31 0 0 1.01893653209452
0

0101000
+273 0 -273 0 *
Ed
 1e-007 1 1 0
2  103 24 0 4.71238898038469 6.28318530717959
1  49 0 4.71238898038469 6.28318530717959
2  104 31 0 4.71238898038469 6.28318530717959
4 G1 31 0 24 0
0

0101100
+273 0 -248 0 *
Wi

0101000
-243 0 +242 0 +241 0 -247 0 *
Fa
0  1e-007 31 0

0111000
+240 0 *
Ed
 1e-007 1 1 0
2  105 8 0 1.37093808208681 7.5
1  50 0 1.37093808208681 7.5
2  106 24 0 1.37093808208681 7.5
4 G1 24 0 8 0
0

0101000
+248 0 -341 0 *
Ed
 1e-007 1 1 0
2  107 9 0 0 1.5707963267949
1  51 0 0 1.5707963267949
2  108 24 0 0 1.5707963267949
4 G1 24 0 9 0
0

0101100
+341 0 -275 0 *
Wi

0101000
-241 0 +271 0 -238 0 -237 0 *
Fa
0  1e-007 24 0

0111000
+236 0 *
Ed
 1e-007 1 1 0
2  109 21 0 4.71238898038469 6.28318530717959
1  52 0 4.71238898038469 6.28318530717959
2  110 32 0 4.71238898038469 6.28318530717959
4 G1 21 0 32 0
0

0101100
+277 0 -283 0 *
Wi

0101000
+288 0 -282 0 +276 0 +234 0 *
Fa
0  1e-007 21 0

0111000
+233 0 *
Ve
0.001
6.9 -1.69001258282335e-015 70
0 0

0101101
*
Ed
 0.001 1 1 0
2  111 33 0 0 6.28318530717959
1  53 0 0 6.28318530717959
2  112 25 0 0 6.28318530717959
4 G1 33 0 25 0
0

0101100
+231 0 -231 0 *
Ed
 1e-006 1 1 0
3  113 114C0 25 0 1.5707963267949 3.14159265358979
1  54 0 1.5707963267949 3.14159265358979
0

0101100
+269 0 -231 0 *
Wi

0101000
-268 0 +230 0 -229 0 +229 0 *
Fa
0  1e-007 25 0

0111000
-228 0 *
Ve
0.001
6.9 -1.69001258282335e-015 77
0 0

0101101
*
Ed
 0.001 1 1 0
1  55 0 0 7
3  115 116CN 33 0 0 7
0

0101000
+231 0 -226 0 *
Ed
 0.001 1 1 0
2  117 33 0 0 6.28318530717959
1  56 0 0 6.28318530717959
0

0101100
+226 0 -226 0 *
Wi

0101100
+230 0 +225 0 -224 0 -225 0 *
Fa
0  1e-007 33 0

0101000
+223 0 *
Ve
1e-007
-25 0 2.5
0 0

0101101
*
Ve
1e-007
-25 0 67.5
0 0

0101101
*
Ed
 1e-007 1 1 0
1  57 0 2.5 67.5
4 C2 34 0 35 0
0

0101000
+221 0 -220 0 *
Ve
1e-007
-25 -6.12906191791319 2.5
0 0

0101101
*
Ed
 1e-007 1 1 0
1  58 0 0 6.12906191791319
2  64 36 0 0 6.12906191791319
2  63 34 0 0 6.12906191791319
4 G1 36 0 34 0
0

0101000
+221 0 -218 0 *
Ve
1e-007
-25 -6.12906191791319 67.5
0 0

0101101
*
Ed
 1e-007 1 1 0
1  59 0 0 6.12906191791319
2  66 37 0 0 6.12906191791319
2  65 34 0 0 6.12906191791319
4 G1 37 0 34 0
0

0101000
+220 0 -216 0 *
Ed
 1e-007 1 1 0
1  60 0 2.5 67.5
2  68 38 0 2.5 67.5
2  67 34 0 2.5 67.5
4 G1 38 0 34 0
0

0101000
+218 0 -216 0 *
Wi

0101100
+219 0 -217 0 +215 0 -214 0 *
Fa
0  1e-007 34 0

0111000
+213 0 *
Ve
1e-007
-25 6.12906191791319 2.5
0 0

0101101
*
Ed
 1e-007 1 1 0
1  61 0 1.37093808208681 7.5
2  43 39 0 1.37093808208681 7.5
2  42 35 0 1.37093808208681 7.5
4 G1 39 0 35 0
0

0101000
+211 0 -221 0 *
Ve
1e-007
-25 6.12906191791319 67.5
0 0

0101101
*
Ed
 1e-007 1 1 0
1  62 0 1.37093808208681 7.5
2  49 40 0 1.37093808208681 7.5
2  48 35 0 1.37093808208681 7.5
4 G1 40 0 35 0
0

0101000
+209 0 -220 0 *
Ed
 1e-007 1 1 0
1  63 0 2.5 67.5
2  51 41 0 2.5 67.5
2  50 35 0 2.5 67.5
4 G1 41 0 35 0
0

0101000
+211 0 -209 0 *
Wi

0101100
+219 0 +210 0 -208 0 -207 0 *
Fa
0  1e-007 35 0

0101000
+206 0 *
Ve
1e-007
-22.5 0 -4.44089209850063e-016
0 0

0101101
*
Ed
 1e-007 1 1 0
1  64 0 0 1.5707963267949
2  118 39 0 0 1.5707963267949
2  119 36 0 0 1.5707963267949
4 G1 39 0 36 0
0

0101100
+221 0 -204 0 *
Ve
1e-007
-22.5 -6.12906191791319 0
0 0

0101101
*
Ed
 1e-007 1 1 0
1  65 0 0 6.1290619179132
2  120 36 0 0 6.1290619179132
2  121 42 0 0 6.1290619179132
4 G1 36 0 42 0
0

0101000
