DBRep_DrawableShape

CASCADE Topology V1, (c) Matra-Datavision
Locations 0
Curve2ds 9
1 0 55.901699437500163 1 0 
1 0 0 1 0 
1 6.2831853071795862 0 0 1 
1 4.1389114358025836e-13 0 0 1 
1 0 300 1 0 
1 6.2831853071795862 0 -1 0 
1 -4.1389114358025836e-13 0 -0 -1 
1 6.2831853071795862 0 -0 -1 
1 6.2831853071795862 -708 -1 0 
Curves 6
2 8.2450136557469998e-07 576.45175122543003 122.68078250809 1.8776558682042289e-08 0.89100652418810855 0.45399049974005534 0.99999999999999989 -2.1073400643811513e-08 -4.6744538382027428e-14 9.5670820398177254e-09 0.45399049974005529 -0.89100652418810888 200
1 200.00000082450001 576.45174701074995 122.68078250808 1.8776558776782289e-08 0.89100652418810855 0.45399049974005534 
2 6.4574689701880001e-06 843.75370848193995 258.87793242995002 1.8776558682042289e-08 0.89100652418810855 0.45399049974005534 0.99999999999999989 -2.1073400643811513e-08 -4.6744538382027428e-14 9.5670820398177254e-09 0.45399049974005529 -0.89100652418810888 200
2 0 0 -150 0 0 1 1 0 -0 -0 1 0 750
1 750 0 -150 0 0 1 
2 0 0 558 0 0 1 1 0 -0 -0 1 0 750
Polygon3D 0
PolygonOnTriangulations 0
Surfaces 6
2 8.2450136557469998e-07 576.45175122543003 122.68078250809 1.8776558682042289e-08 0.89100652418810855 0.45399049974005534 0.99999999999999989 -2.1073400643811513e-08 -4.6744538382027428e-14 9.5670820398177254e-09 0.45399049974005529 -0.89100652418810888 200
3 -1.143265685275e-07 531.90142501600997 99.981257521119005 1.8776558682042289e-08 0.89100652418810855 0.45399049974005534 0.99999999999999989 -2.1073400643811513e-08 -4.6744538382027428e-14 9.5670820398177254e-09 0.45399049974005529 -0.89100652418810888 175
0.46364760900099999
1 6.4574689701880001e-06 843.75370848193995 258.87793242995002 1.8776558682042289e-08 0.89100652418810855 0.45399049974005534 0.99999999999999989 -2.1073400643811513e-08 -4.6744538382027428e-14 9.5670820398177254e-09 0.45399049974005529 -0.89100652418810888 
2 0 0 -150 -0 -0 -1 1 0 -0 0 -1 0 750
1 0 0 -150 0 0 1 1 0 -0 -0 1 0 
1 0 0 558 0 0 1 1 0 -0 -0 1 0 
Triangulations 0

TShapes 15
Ve
1e-07
200.0000008245 576.45174701075 122.68078250808
0 0

0101101
*
Ed
 1e-07 1 1 0
1  1 0 0 6.28318530717959
2  1 2 0 0 6.28318530717959
2  2 1 0 0 6.28318530717959
4 C0 2 0 1 0
0

0101000
+15 0 -15 0 *
Ve
1e-07
200.00000645746 843.75370426726 258.87793242994
0 0

0101101
*
Ed
 1e-07 1 1 0
1  2 0 0 299.999999999998
3  3 4CN 1 0 0 299.999999999998
0

0101000
+15 0 -13 0 *
Ed
 1e-07 1 1 0
1  3 0 0 6.28318530717959
2  5 1 0 0 6.28318530717959
4 C0 1 0 3 0
0

0101000
+13 0 -13 0 *
Wi

0101100
+14 0 +12 0 -11 0 -12 0 *
Fa
0  1e-07 1 0

0111000
+10 0 *
Ve
1e-07
750 0 -150
0 0

0101101
*
Ed
 1e-07 1 1 0
1  4 0 0 6.28318530717959
2  6 4 0 0 6.28318530717959
4 C0 4 0 5 0
0

0101000
+8 0 -8 0 *
Ve
1e-07
750 0 558
0 0

0101101
*
Ed
 1e-07 1 1 0
1  5 0 0 708
3  7 8CN 4 0 0 708
0

0101000
+8 0 -6 0 *
Ed
 1e-07 1 1 0
1  6 0 0 6.28318530717959
2  9 4 0 0 6.28318530717959
4 C0 4 0 6 0
0

0101000
+6 0 -6 0 *
Wi

0101100
+7 0 +5 0 -4 0 -5 0 *
Fa
0  1e-07 4 0

0111000
+3 0 *
Co

1100000
+9 0 +2 0 *

+1 0 
0

