DBRep_DrawableShape

CASCADE Topology V1, (c) Matra-Datavision
Locations 0
Curve2ds 0
Curves 114
1 30.843656539920001 -8.5257062911990005 0 -0.39036028274845247 -0.92066217998381383 0 
1 27.57208442688 -16.241687774660001 0 2.435417118445345e-07 2.435417118445345e-07 0.99999999999994071 
1 27.572086334230001 -16.24168586731 7.8317179679870002 0.39035004791695727 0.92063826877714816 0.0072123612114845456 
1 30.843658447269998 -8.5257024765009994 7.8921656608579998 -2.4167637617060812e-07 -4.8335249980313489e-07 -0.99999999999985389 
1 30.843658447269998 -8.5257024765009994 7.8921656608579998 0.13438873554359856 0.99084943684851201 0.012532408227437937 
1 31.999998092649999 8.2590617012099997e-07 8 0 0 -1 
1 31.999998092649999 8.2590617012099997e-07 7.5 0 -5.5824577884764635e-07 -0.99999999999984412 
1 31.999998092649999 -3.360937171237e-06 0 -0.13439951386276447 -0.99092722773847142 0 
1 27.57208442688 -16.241687774660001 0 -0.61436532705047986 -0.78902170117060266 7.2271634983345545e-08 
1 22.505224227909999 -22.748992919919999 5.960464477539e-07 0.00014890733216009884 0.00014719293985923279 0.99999997808042218 
1 22.506383895870002 -22.747846603389998 7.7878503799440004 0.61433649892709541 0.78902621239520021 0.0053199848950143515 
1 22.505224227909999 -22.748992919919999 5.960464477539e-07 -0.79500202069982295 -0.60660678127036527 -7.2828601144349547e-08 
1 15.998740196230001 -27.713605880740001 0 2.461098286934207e-07 2.4610982892262813e-07 0.99999999999993949 
1 15.99874210358 -27.713603973390001 7.7499952316279996 0.79497814312603321 0.60662044704028706 0.0046244118033154638 
1 15.998740196230001 -27.713605880740001 0 -0.92286997880494204 -0.38511167499903959 0 
1 8.4459438323970009 -30.865371704099999 0 2.4732051566625413e-07 0 0.99999999999996936 
1 8.4459457397459996 -30.865371704099999 7.7120532989499999 0.92285997834700673 0.38510773488421191 0.0046360433252681816 
1 8.4459438323970009 -30.865371704099999 0 -0.9905089366178067 -0.13744834113317511 0 
1 0.27749934792519998 -31.99886894226 0 2.6039245730051928e-07 2.4873327190495331e-07 0.99999999999993516 
1 0.27750134468080001 -31.998867034909999 7.6682543754579999 0.99049499829340037 0.13744617719801061 0.0053110007917382693 
1 0.27749934792519998 -31.99886894226 0 -0.99249052734777121 0.12232151538034082 0 
1 -8.0393133163449999 -30.973846435550001 0 3.7606551788470082e-07 -2.5071052006429428e-07 0.99999999999989786 
1 -8.0393104553219992 -30.973848342899998 7.6077780723570001 0.99246473533225954 -0.12231789408484411 0.0072167796499840358 
1 -8.0393133163449999 -30.973846435550001 0 -0.92536802709029231 0.37906993344107398 0 
1 -15.99999904633 -27.712812423710002 0 0 0 1 
1 -15.99999904633 -27.712812423710002 7.5 0.92529538285478141 -0.37904026075814995 0.012527377699156191 
1 -15.99999904633 -27.712812423710002 7.5 0.49999999957566182 0.8660254040294304 0 
1 -7.5 -12.99038219452 7.5 -0.029975224270086039 -0.99953269147979351 0.0059903750398640852 
1 -7.5 -12.99038219452 7.5 0.37867448590439673 -0.92549366509323538 0.008192044758860581 
1 -7.5 -12.99038219452 7.5 0.66566752443283672 -0.74619594286256341 0.0088522184173763004 
1 -7.5 -12.99038219452 7.5 0.84737163706506735 -0.53092376122262386 0.0090149024892190038 
1 -7.5 -12.99038219452 7.5 0.86586501922427617 0.49990752663751731 0.019241447318324608 
1 14.99999713898 4.5100557599650001e-07 8 0.036013232604354989 -0.99931065268555685 -0.009014793760872334 
1 14.99999713898 4.5100557599650001e-07 8 0.31335000254638862 -0.94959641213224066 -0.008856069656115774 
1 14.99999713898 4.5100557599650001e-07 8 0.61208812302888593 -0.79074711760379213 -0.0081930243664864247 
1 14.99999713898 4.5100557599650001e-07 8 0.88058284189479841 -0.47385434256451131 -0.0059933791165950366 
1 14.99999713898 4.5100557599650001e-07 8 0.99999999999999978 2.2052974887837609e-08 0 
1 14.99999713898 4.5100557599650001e-07 8 7.6293800004281731e-06 4.6889567782730191e-07 -0.99999999997078648 
1 15.00000095367 6.8545341491700002e-07 7.5 1 8.2619281671495097e-09 0 
1 15.00000095367 6.8545341491700002e-07 7.5 0.88060834857924009 0.47380697738793487 0.0059903748674762043 
1 30.843795776370001 8.5246763229369993 7.6077780723570001 0.13438898049311596 -0.99084946721658684 -0.012527379559463609 
1 27.573081970210001 16.239757537839999 7.6682543754579999 0.39030191009307896 -0.92065864308537659 -0.0072167783592782938 
1 15.00000095367 6.8545341491700002e-07 7.5 0.61216379410654609 0.79068854778289921 0.0081920443143490562 
1 22.507223129269999 22.747089385990002 7.7120532989499999 0.61427949707814877 -0.78907065129759435 -0.0053110008667824849 
1 15.00000095367 6.8545341491700002e-07 7.5 0.31339088381759655 0.94958295697018935 0.0088522184664217921 
1 16.001316070560001 27.712120056149999 7.7499952316279996 0.79494291901417646 -0.60666651679996531 -0.004636043897323824 
1 15.00000095367 6.8545341491700002e-07 7.5 0.036107720038900684 0.99930724208933619 0.009014902184559314 
1 15.00000095367 6.8545341491700002e-07 7.5 -0.86586513346923077 0.49990732866173082 0.019241449857107684 
1 -7.4999961853029999 12.99037647247 8 0.84742174144373683 0.53084378646379304 -0.0090147934667003469 
1 8.4470233917240005 30.865022659299999 7.7878503799440004 0.9228378637896697 -0.38516086505085767 -0.0046244123295951104 
1 -7.4999961853029999 12.99037647247 8 0.66569958241983196 0.74616729759438394 -0.0088560694868184287 
1 0.27966871857640002 31.998971939090001 7.8317179679870002 0.99048495673913395 -0.13751817427861499 -0.0053199827586617532 
1 -7.4999961853029999 12.99037647247 8 0.37876282350952151 0.92545750734033061 -0.0081930235271932463 
1 -8.0383539199830008 30.974243164059999 7.8921656608579998 0.99247112679480864 0.1222662844530593 -0.0072123619353622751 
1 -7.4999961853029999 12.99037647247 8 -0.029921652512123798 0.99953427861487587 -0.0059933784114745139 
1 -16 27.712812423710002 8 0.92529521881255394 0.37904049491831932 -0.012532408176537687 
1 -7.4999961853029999 12.99037647247 8 -0.50000006419651755 0.86602536672055885 0 
1 -7.4999961853029999 12.99037647247 8 -9.5367419996814085e-06 9.5367399977272505e-06 -0.99999999990905053 
1 -7.5000009536740002 12.99038124084 7.5 -0.49999997528398044 0.86602541805423872 0 
1 -16 27.712812423710002 7.5 0 0 1 
1 -16 27.712812423710002 7.5 5.0862666659167459e-07 2.5431199996239365e-07 -0.99999999999983835 
1 -15.999996185300001 27.712814331050001 0 0.92536789138676134 0.37907026471410143 0 
1 -8.0383501052859998 30.974245071409999 0 -4.8335237308393718e-07 -2.4167637662076516e-07 0.99999999999985389 
1 -8.0383501052859998 30.974245071409999 0 0.99249696894860862 0.12226923827285632 0 
1 0.27967268228530001 31.998971939090001 0 -5.0610975984982683e-07 0 0.99999999999987199 
1 0.27967268228530001 31.998971939090001 0 0.99049547789059977 -0.13754529536944204 7.2271635557086025e-08 
1 8.4485940933230008 30.86459350586 5.960464477539e-07 -0.00020168616604767783 5.5105509547228814e-05 0.99999997814303632 
1 8.4485940933230008 30.86459350586 5.960464477539e-07 0.92283789827107632 -0.38518854281327897 -7.2828611032545297e-08 
1 16.001316070560001 27.712120056149999 0 0 0 1 
1 16.001316070560001 27.712120056149999 0 0.79495143534679136 -0.60667307129958892 0 
1 22.50722503662 22.747087478640001 0 -2.4732064557526288e-07 2.4732064557526288e-07 0.99999999999993883 
1 22.50722503662 22.747087478640001 0 0.61429436088522915 -0.78907695327173766 0 
1 27.57282447815 16.240194320680001 0 3.3578966845748051e-05 -5.6959878697357539e-05 0.99999999781401261 
1 27.57282447815 16.240194320680001 0 0.39031926708542741 -0.92067956952562735 0 
1 30.843795776370001 8.5246734619140003 0 0 3.7606551765122042e-07 0.99999999999992928 
1 30.843795776370001 8.5246734619140003 0 0.13439950639259338 -0.99092722875165107 0 
1 -15.999996185300001 27.712814331050001 0 -0.79096256655817743 -0.6118645424468564 0 
1 -22.804903030399998 22.44874572754 0 -0.60217145538970496 -0.79836679434570956 0 
1 -27.8505859375 15.759113311769999 0 -0.37621288014440551 -0.92653325294532785 0 
1 -30.95330619812 8.1177654266359998 0 -0.12790987386898464 -0.99178579550567292 0 
1 -32.00005722046 0.0014819530770180001 0 0.12782688723808669 -0.99179649469990638 0 
1 -30.95396232605 -8.1150674819950002 0 0.37612212235206083 -0.92657009938664725 0 
1 -27.851760864260001 -15.7572851181 0 0.60212855475003635 -0.79839915052223864 0 
1 -22.805765151980001 -22.448080062870002 0 0.79096261945463064 -0.61186447406714917 0 
1 -22.805303573610001 -22.448541641239999 7.8921656608579998 0.79090638070710662 -0.61180882279924043 0.012532410055252919 
1 -15.99999904633 -27.712812423710002 8 0 0 -1 
1 -22.805765151980001 -22.448080062870002 0 5.8485641109989044e-05 -5.8485641109538884e-05 0.99999999657942973 
1 -27.851760864260001 -15.7572851181 0 4.8708342368903649e-07 -1.2177149418172743e-07 0.99999999999987399 
1 -27.85175704956 -15.757286071779999 7.8317179679870002 0.60212128842876855 -0.79837205354022911 0.0072123606979614587 
1 -30.95396232605 -8.1150674819950002 0 7.1514699308339758e-05 -0.00027062925629094841 0.99999996082272591 
1 -30.95340538025 -8.1171751022340004 7.7878503799440004 0.37614824579597655 -0.92654422180802465 0.0053199829672515167 
1 -32.00005722046 0.0014819530770180001 0 0 3.8755060012710085e-07 0.99999999999992495 
1 -32.00005722046 0.0014849565923209999 7.7499952316279996 0.12785975764129376 -0.99178147652739135 0.0046244127256184469 
1 -30.95330619812 8.1177654266359998 0 1.7807073466125528e-05 6.7023846661896352e-05 0.99999999759535596 
1 -30.953168869020001 8.1182823181149999 7.7120532989499999 -0.12791703909325039 -0.99177403586326429 0.0046360432599801722 
1 -27.8505859375 15.759113311769999 0 2.4873327190495405e-07 -2.487332716733033e-07 0.99999999999993816 
1 -27.850584030149999 15.75911140442 7.6682543754579999 -0.37621540571619261 -0.92651700565883133 0.0053110005454280115 
1 -22.804903030399998 22.44874572754 0 5.515627489547687e-05 5.5908405140657128e-05 0.99999999691601771 
1 -22.804483413700002 22.449171066280002 7.6077780723570001 -0.60216303463283516 -0.7983405274812867 0.0072167792453359317 
1 -16 27.712812423710002 7.5 -0.79090610709454212 -0.61180927956485354 0.012527377973529001 
1 -7.5000009536740002 12.99038124084 7.5 -0.8506330727364978 0.52572568034222056 0.0059903752447762176 
1 -7.5000009536740002 12.99038124084 7.5 -0.99083825976234063 0.13480516831993208 0.0081920440288963392 
1 -7.5000009536740002 12.99038124084 7.5 -0.97905840849691417 -0.20338699806099506 0.0088522184353040483 
1 -7.5000009536740002 12.99038124084 7.5 -0.88347929879874343 -0.468383454161027 0.0090149022327412169 
1 -7.5000009536740002 12.99038124084 7.5 1.6515065590206154e-07 -0.99981486620374138 0.019241447917648348 
1 -7.49999666214 -12.990378379819999 8 -0.88343505393424493 0.4684669027649449 -0.0090147930657066659 
1 -7.49999666214 -12.990378379819999 8 -0.97904960941561958 0.20342918263473517 -0.0088560688618842462 
1 -7.49999666214 -12.990378379819999 8 -0.99085114135739583 -0.13471039322494091 -0.0081930231250703471 
1 -7.49999666214 -12.990378379819999 8 -0.85066129533936852 -0.52567997871778793 -0.00599337858085385 
1 -7.49999666214 -12.990378379819999 8 -0.50000004966867839 -0.86602537510821209 0 
1 -7.49999666214 -12.990378379819999 8 -6.6757199995615309e-06 -7.6294000020370178e-06 -0.99999999994861355 
1 -7.49999666214 -12.990378379819999 8 0.86602538123469819 0.50000003905729395 0 
1 -7.49999666214 -12.990378379819999 8 1.8353469820963913e-08 0.99999999999999989 0 
1 -7.4999961853029999 12.99037647247 8 0.86602542346903011 -0.499999965905286 0 
Polygon3D 0
PolygonOnTriangulations 0
Surfaces 59
1 30.843656539920001 -8.5257062911990005 0 -0.92066219743791089 0.39036024158306726 8.1302435983238689e-08 -0.39036024158306848 -0.92066219743791389 6.6174449004242199e-24 7.4852079369383852e-08 -3.1737238551709005e-08 0.99999999999999667 
1 30.843658447269998 -8.5257024765009994 7.8921656608579998 -0.99092723871400246 0.1343994329401503 9.2161269418571664e-08 -0.13439943294015089 -0.99092723871400668 0 9.1325112221322842e-08 -1.2386422348900501e-08 0.99999999999999589 
1 27.57208442688 -16.241687774660001 0 -0.78902956101249277 0.61435523247204082 1.3515092834858949e-05 -0.61435523252814916 -0.78902956108455391 0 1.0663807767505756e-05 -8.3030680011992929e-06 0.99999999990867128 
1 22.505224227909999 -22.748992919919999 5.960464477539e-07 -0.6066168337339618 0.79499435020070086 -1.3399564769862167e-05 0.79499435027207077 0.60661683378842035 -8.4703294725430034e-22 8.1284015548366512e-06 -1.0652578288145103e-05 -0.99999999991022581 
1 15.998740196230001 -27.713605880740001 0 -0.38511177420499537 0.92286993740650169 -1.8830006650387293e-08 0.92286993740650181 0.38511177420499537 0 7.2516572694225127e-09 -1.7377647058806938e-08 -0.99999999999999989 
1 8.4459438323970009 -30.865371704099999 0 -0.13744822818155522 0.99050895229156988 -8.7945899370317222e-08 0.99050895229157365 0.13744822818155575 -1.654361225106055e-24 1.2088008044283499e-08 -8.7111200643633075e-08 -0.99999999999999623 
1 0.27749934792519998 -31.99886894226 0 0.12232129757147775 0.99249055419204291 -3.889817511951287e-08 0.99249055419204368 -0.12232129757147783 8.2718061255302767e-25 -4.7580752537813878e-09 -3.8606071381424496e-08 -0.99999999999999922 
1 -8.0393133163449999 -30.973846435550001 0 0.37906996977814456 0.92536801220508735 4.5041221129422942e-08 0.92536801220508824 -0.37906996977814489 0 1.7073774332301096e-08 4.1679705263823925e-08 -0.99999999999999911 
1 -15.99999904633 -27.712812423710002 7.5 0.010948343843123941 -0.0063210292578555127 -0.99992008598498217 -0.99994006269255808 -1.3552527156068805e-20 -0.010948562572466874 6.9206184352024912e-05 0.99998002209500247 -0.006320650392381535 
1 -8.0393104553219992 -30.973848342899998 7.6077780723570001 0.0065086146428308296 -0.0061881224043026685 -0.99995967172508538 -0.9999788179322624 -6.7762635780344027e-21 -0.0065087392631409391 4.0276875258006872e-05 0.99998085338725828 -0.0061879913270747305 
1 0.27750134468080001 -31.998867034909999 7.6682543754579999 0.0062359345600504221 -0.0062997012530065215 -0.99996071267039577 -6.7762635780344027e-21 -0.99998015591350076 0.0062998237444418341 -0.99998055637105399 -3.9285288610191079e-05 -0.0062358108136256075 
1 8.4459457397459996 -30.865371704099999 7.7120532989499999 0.007268000347560229 -0.0053789956674915075 -0.99995912045270974 -0.99997358697243621 0 -0.0072681054945289893 3.9095107965942655e-05 0.99998553309815896 -0.0053788535919306766 
1 15.99874210358 -27.713603973390001 7.7499952316279996 0.016664067425593766 0.0096198831949589961 -0.99981486621481608 -0.9998611319359908 -2.7105054312137617e-20 -0.016664838543450883 -0.00016031380025084813 0.99995372785310188 0.0096185473004037174 
1 15.99874210358 -27.713603973390001 7.7499952316279996 -0.0010380056356674348 0.0089832357875984301 -0.99995911117359415 1.6940658945086014e-21 -0.99995964987985153 -0.0089832406271216428 -0.99999946127200501 -9.3246543975089299e-06 0.0010379637520153209 
1 22.506383895870002 -22.747846603389998 7.7878503799440004 -0.0023305151329534538 0.0085567451195762145 -0.99996067463284466 0 -0.99996339018750491 -0.0085567683567991121 -0.99999728434592028 -1.994167814469759e-05 0.0023304298132314195 
1 27.572086334230001 -16.24168586731 7.8317179679870002 -0.0021091792088038337 0.0087280628290706194 -0.9999596853285222 -3.3881317890172006e-21 -0.99996190956473807 -0.0087280822431267304 -0.99999777567905879 -1.8409089599932819e-05 0.0021090988692497245 
1 14.99999713898 4.5100557599650001e-07 8 -2.7890693597567532e-10 0.012647134346972309 -0.99992002179814832 4.0389678347315813e-28 -0.99992002179814843 -0.012647134346972311 -1 -3.5273734895867716e-12 2.788846295004521e-10 
1 31.999998092649999 8.2590617012099997e-07 8 1.5157452301148598e-08 -0.99999999999997247 -2.3444778109951182e-07 0 2.3444778109951182e-07 -0.99999999999997247 0.99999999999999989 1.5157452301148181e-08 3.5536310591259783e-15 
1 15.00000095367 6.8545341491700002e-07 7.5 -1.0444779167257558e-10 0.012642060016624703 -0.99992008596614157 0 -0.99992008596614168 -0.012642060016624705 -1 -1.3204352509286145e-12 1.0443944482821543e-10 
1 27.573081970210001 16.239757537839999 7.6682543754579999 0.0021047649265327466 0.0087306855267309975 -0.99995967173423428 -3.3881317890172006e-21 -0.99996188666996355 -0.0087307048654182082 -0.99999778497984904 1.8376081384641053e-05 -0.0021046847069324526 
1 22.507223129269999 22.747089385990002 7.7120532989499999 0.0023377328024043209 0.0085503288340587173 -0.99996071266933984 -3.3881317890172021e-21 -0.99996344507051449 -0.0085503521979051703 -0.99999726749893902 1.9988438805152803e-05 -0.0023376473467465728 
1 16.001316070560001 27.712120056149999 7.7499952316279996 0.0010243481333106919 0.0089837703618249037 -0.9999591204549253 0 -0.99995964507844015 -0.0089837750751147645 -0.99999947535531342 9.2025132282769303e-06 -0.0010243067958221222 
1 16.001316070560001 27.712120056149999 7.7499952316279996 -0.016663099274113902 0.009621565160102109 -0.99981486616595716 -0.999861148068103 -2.7105054312137617e-20 0.016663870616845593 0.00016033251695949079 0.9999537116706303 0.0096202291871917579 
1 8.4470233917240005 30.865022659299999 7.7878503799440004 -0.007260706772436943 -0.005390557746282029 -0.99995911117622638 -0.99997363995519339 6.7762635780344027e-21 0.00726081226595429 -3.9139827804539454e-05 0.99998547083804368 -0.0053904156509383032 
1 0.27966871857640002 31.998971939090001 7.8317179679870002 -0.0062451008483901879 -0.0062966578766597992 -0.99996067463424665 6.7762635780344027e-21 -0.99998017508008874 0.0062967806691245675 -0.99998049916755549 3.9324030298876762e-05 0.0062449770397660313 
1 -8.0383539199830008 30.974243164059999 7.8921656608579998 -0.0065041341130125498 -0.0061906343420258768 -0.99995968533030533 -0.99997884708534235 0 0.0065042587486617964 -4.0265487578887972e-05 0.99998083783962743 -0.006190503392065963 
1 -16 27.712812423710002 8 -0.010952739457786327 -0.0063235681568527989 -0.99992002179381112 -0.99994001455146087 0 0.010952958450766574 -6.9261779282599265e-05 0.99998000604300374 -0.006323188834780542 
1 -16 27.712812423710002 8 0.86602539238607601 0.50000001973949659 -1.7453452727811335e-06 -0.50000001974025809 0.86602539238739507 1.0587911840678754e-22 1.5115133247117661e-06 8.726726708441328e-07 0.999999999998477 
1 -8.0383539199830008 30.974243164059999 7.8921656608579998 0.37907026527932819 -0.92536789115521956 -4.0231374464902528e-08 -0.92536789115522033 -0.37907026527932852 0 -1.5250517790962606e-08 3.7228822146862832e-08 -0.99999999999999933 
1 -8.0383501052859998 30.974245071409999 0 0.12226935122750214 -0.99249695503331492 -5.9907491490564772e-08 -0.99249695503331681 -0.12226935122750238 0 -7.3248501182184748e-09 5.9458002888069883e-08 -0.99999999999999822 
1 0.27967268228530001 31.998971939090001 0 -0.13753267392256516 -0.99049723039769799 1.3349112262137522e-05 -0.99049723048595084 0.13753267393481924 -2.1175823681357513e-22 -1.8359391040678569e-06 -1.3222258725093261e-05 -0.99999999991090061 
1 8.4485940933230008 30.86459350586 5.960464477539e-07 -0.38517679068364102 -0.92284280337324809 -1.3448237974436727e-05 -0.92284280345669856 0.38517679071847166 8.4703294725430034e-22 5.1799491438118178e-06 1.2410609633882023e-05 -0.99999999990957256 
1 16.001316070560001 27.712120056149999 0 -0.60667305381568126 -0.79495144868976431 2.322543457726382e-08 -0.79495144868976453 0.60667305381568148 1.6543612251060553e-24 -1.4090245321184965e-08 -1.8463092863645223e-08 -0.99999999999999978 
1 22.50722503662 22.747087478640001 0 -0.78907937369448178 -0.61429125176239319 -4.2563248802346136e-06 0.61429125176795751 -0.78907937370162951 0 -3.3585781707661931e-06 -2.614623138610423e-06 0.99999999999094191 
1 27.57282447815 16.240194320680001 0 -0.9206810878944176 -0.39031568553404333 4.4318823415587818e-06 0.3903156855378766 -0.92068108790345948 -2.1175823681357508e-22 4.0803502556864698e-06 1.7298331943687249e-06 0.99999999999017919 
1 30.843795776370001 8.5246734619140003 0 -0.99092722730694482 -0.13439951704439626 6.2698156393025319e-08 0.13439951704439651 -0.9909272273069466 0 6.2129310271797877e-08 8.4266019387966422e-09 0.99999999999999811 
1 31.999998092649999 -3.360937171237e-06 0 -1.3061903784955901e-09 -2.0434827837423197e-10 1 1 0 1.3061903784955901e-09 -2.6691775507456025e-19 1 2.0434827837423197e-10 
1 -22.805303573610001 -22.448541641239999 7.8921656608579998 0.61186175816550714 0.7909647203550163 6.9516399034840811e-06 0.79096472037412813 -0.61186175818029132 0 4.2534426135820405e-06 5.4985019124009169e-06 -0.99999999997583733 
1 -22.805765151980001 -22.448080062870002 0 0.79839599762284008 0.60213273532071065 -5.918529936363397e-06 -0.60213273533125677 0.79839599763682356 4.2351647362715026e-22 4.7253306130862604e-06 3.5637406197224208e-06 0.99999999998248557 
1 -27.851760864260001 -15.7572851181 0 0.92656369985864639 0.37613788668196674 1.7512277426406674e-05 -0.37613788673964371 0.92656370000072585 8.4703294725430072e-22 -1.6226240567650561e-05 -6.587031023166975e-06 0.9999999998466601 
1 -30.95396232605 -8.1150674819950002 0 0.99179429314006573 0.12784396646822202 -1.8233745092960247e-05 -0.12784396648947413 0.9917942933049364 4.2351647362715017e-22 1.8084124328774864e-05 2.3310742966420234e-06 0.99999999983376531 
1 -32.00005722046 0.0014819530770180001 0 0.99178524343943464 -0.12791415432023737 -4.5077498110733408e-06 0.12791415432153699 0.99178524344951113 -1.0587911840678757e-22 4.470719743784862e-06 -5.7660500497651449e-07 0.99999999998984013 
1 -30.95330619812 8.1177654266359998 0 0.92653166719971969 -0.37621678545539483 4.2091936514215042e-06 0.37621678545872766 0.92653166720792757 2.1175823681357508e-22 -3.899951211452591e-06 1.5835693049110824e-06 0.99999999999114142 
1 -27.8505859375 15.759113311769999 0 0.7983640443925506 -0.60217510127260387 -5.3384152911768343e-06 0.60217510128118457 0.79836404440392683 -4.2351647362715026e-22 4.2619988225717042e-06 -3.2146607686454343e-06 0.99999999998575073 
1 -22.804903030399998 22.44874572754 0 0.6118609439596332 -0.79096535020722003 5.3288154609305058e-06 -0.79096535021845027 -0.61186094396832047 0 3.2604940581579206e-06 -4.2149083873043907e-06 -0.99999999998580191 
1 -7.5000009536740002 12.99038124084 7.5 -0.010948344495520184 -0.0063210292250541677 -0.99992008597804627 -0.99994006268541469 0 0.010948563224873883 -6.9206188116781119e-05 0.99998002209520975 -0.0063206503595370023 
1 -7.5000009536740002 12.99038124084 7.5 -0.0086133777272538996 -0.0025425623084535387 -0.99995967173733324 -0.99996290393419718 3.3881317890172014e-21 0.0086134055685091662 -2.190012034591523e-05 0.99999676768322998 -0.002542467989394837 
1 -7.5000009536740002 12.99038124084 7.5 -0.008573668292418294 -0.0022506287337951559 -0.99996071266941 -0.9999632452443783 0 0.0085736900067290966 -1.9296193083796886e-05 0.99999746733194406 -0.0022505460124860495 
1 -7.5000009536740002 12.99038124084 7.5 -0.0082923473569882344 -0.0036047739609233907 -0.99995912045443214 -0.99996561744980295 0 0.0082924012345331165 -2.9892232043773957e-05 0.99999350278123833 -0.00360465001960173 
1 -7.5000009536740002 12.99038124084 7.5 -9.705160793391836e-07 -0.019241447917799803 -0.99981486620328097 0 -0.99981486620375193 0.019241447917808869 -0.99999999999952904 1.8674134594000961e-08 9.7033640401309574e-07 
1 -7.49999666214 -12.990378379819999 8 0.0082987122977064547 -0.0035926788108588477 -0.99995911118063319 -0.99996556464974218 -3.3881317890172014e-21 -0.0082987658553798221 2.9814800244901983e-05 0.999993546308656 -0.0035925550957056321 
1 -7.49999666214 -12.990378379819999 8 0.0085756153122156162 -0.0022600875936690462 -0.99996067463980098 -0.99996322854711361 0 -0.008575637214403584 1.938169127608012e-05 0.99999744599877305 -0.0022600044869645767 
1 -7.49999666214 -12.990378379819999 8 0.0086133126334436063 -0.002537427286727924 -0.9999596853414856 -0.99996290449586467 6.7762635780344027e-21 -0.0086133403621445614 2.1855724864780599e-05 0.99999678072620046 -0.0025373331595835167 
1 -7.49999666214 -12.990378379819999 8 0.010952740831668802 -0.006323568705083586 -0.99992002177529504 -0.99994001453641135 0 -0.010952959824714495 6.926179397560236e-05 0.99998000603953685 -0.0063231893828832753 
1 -15.99999904633 -27.712812423710002 8 -0.86602538956840069 0.50000002462193216 9.833214122509093e-07 -0.50000002462217397 -0.86602538956881936 -5.2939559203393771e-23 8.5158130911595552e-07 -4.9166073033696564e-07 0.99999999999951661 
1 -7.5 -12.99038219452 7.5 -0.50000003905462176 0.86602538123006978 -3.2693937851518131e-06 0.8660253812346983 0.50000003905729407 0 1.6346970202695809e-06 -2.8313779991924523e-06 -0.99999999999465561 
1 -7.49999666214 -12.990378379819999 8 0 0 -1 -1 0 -0 0 1 0 
1 15.00000095367 6.8545341491700002e-07 7.5 -0.49999996590083218 -0.86602542346131606 -4.2207653183250998e-06 -0.86602542346903011 0.49999996590528589 -2.1175823681357508e-22 2.1103825152567632e-06 3.6552900721658901e-06 -0.99999999999109257 
1 -7.5000009536740002 12.99038124084 7.5 0.99999999995452515 -1.8353469820129294e-08 -9.5367421751473599e-06 9.5367421751473616e-06 0 0.99999999995452538 -1.8353469819294673e-08 -0.99999999999999978 1.7503230969392125e-13 
Triangulations 0

TShapes 292
Ve
0.0030003000075
30.84365653992 -8.525706291199 0
0 0

0101101
*
Ve
0.0030003000075
27.57208442688 -16.24168777466 0
0 0

0101101
*
Ed
 0.0030003000075 1 1 0
1  1 0 0 8.38090414835619
0

0101000
+292 0 -291 0 *
Ve
0.0030003000075
27.57208633423 -16.24168586731 7.831717967987
0 0

0101101
*
Ed
 0.0030003000075 1 1 0
1  2 0 0 7.83171796798746
0

0101000
+291 0 -289 0 *
Ve
0.0030003000075
30.84365844727 -8.525702476501 7.892165660858
0 0

0101101
*
Ed
 0.0030003000075 1 1 0
1  3 0 0 8.38112389251196
0

0101000
+289 0 -287 0 *
Ed
 0.0030003000075 1 1 0
1  4 0 0 7.89216566085915
0

0101000
+287 0 -292 0 *
Wi

0101000
+290 0 +288 0 +286 0 +285 0 *
Fa
0  1e-07 1 0

0111000
+284 0 *
Ve
0.0030003000075
31.99999809265 8.25906170121e-07 8
0 0

0101101
*
Ed
 0.0030003000075 1 1 0
1  5 0 0 8.60443876268826
0

0101000
+287 0 -282 0 *
Ve
0.0030003000075
31.99999809265 8.25906170121e-07 7.5
0 0

0101101
*
Ed
 0.0030003000075 1 1 0
1  6 0 0 0.5
0

0101000
+282 0 -280 0 *
Ve
0.0030003000075
31.99999809265 -3.360937171237e-06 0
0 0

0101101
*
Ed
 0.0030003000075 1 1 0
1  7 0 0 7.50000000000117
0

0101000
+280 0 -278 0 *
Ed
 0.0030003000075 1 1 0
1  8 0 0 8.60376291175234
0

0101000
+278 0 -292 0 *
Wi

0101000
+281 0 +279 0 +277 0 +276 0 -285 0 *
Fa
0  1e-07 2 0

0111000
+275 0 *
Ve
0.0030003000075
22.50522422791 -22.74899291992 5.960464477539e-07
0 0

0101101
*
Ed
 0.0030003000075 1 1 0
1  9 0 0 8.24730819900857
0

0101000
+291 0 -273 0 *
Ve
0.0030003000075
22.50638389587 -22.74784660339 7.787850379944
0 0

0101101
*
Ed
 0.0030003000075 1 1 0
1  10 0 0 7.78784995460394
0

0101000
+273 0 -271 0 *
Ed
 0.0030003000075 1 1 0
1  11 0 0 8.24581063831787
0

0101000
+271 0 -289 0 *
Wi

0101000
+272 0 +270 0 +269 0 -288 0 *
Fa
0  1e-07 3 0

0111000
+268 0 *
Ve
0.0030003000075
15.99874019623 -27.71360588074 0
0 0

0101101
*
Ed
 0.0030003000075 1 1 0
1  12 0 0 8.18423584125293
0

0101000
+273 0 -266 0 *
Ve
0.0030003000075
15.99874210358 -27.71360397339 7.749995231628
0 0

0101101
*
Ed
 0.0030003000075 1 1 0
1  13 0 0 7.74999523162847
0

0101000
+266 0 -264 0 *
Ed
 0.0030003000075 1 1 0
1  14 0 0 8.18593800164177
0

0101000
+264 0 -271 0 *
Wi

0101000
+265 0 +263 0 +262 0 -270 0 *
Fa
0  1e-07 4 0

0111000
+261 0 *
Ve
0.0030003000075
8.445943832397 -30.8653717041 0
0 0

0101101
*
Ed
 0.0030003000075 1 1 0
1  15 0 0 8.1840308356475
0

0101000
+266 0 -259 0 *
Ve
0.0030003000075
8.445945739746 -30.8653717041 7.71205329895
0 0

0101101
*
Ed
 0.0030003000075 1 1 0
1  16 0 0 7.71205329895024
0

0101000
+259 0 -257 0 *
Ed
 0.0030003000075 1 1 0
1  17 0 0 8.18411952088582
0

0101000
+257 0 -264 0 *
Wi

0101000
+258 0 +256 0 +255 0 -263 0 *
Fa
0  1e-07 5 0

0111000
+254 0 *
Ve
0.0030003000075
0.2774993479252 -31.99886894226 0
0 0

0101101
*
Ed
 0.0030003000075 1 1 0
1  18 0 0 8.24671457519988
0

0101000
+259 0 -252 0 *
Ve
0.0030003000075
0.2775013446808 -31.99886703491 7.668254375458
0 0

0101101
*
Ed
 0.0030003000075 1 1 0
1  19 0 0 7.6682543754585
0

0101000
+252 0 -250 0 *
Ed
 0.0030003000075 1 1 0
1  20 0 0 8.24683053335881
0

0101000
+250 0 -257 0 *
Wi

0101000
+251 0 +249 0 +248 0 -256 0 *
Fa
0  1e-07 6 0

0111000
+247 0 *
Ve
0.0030003000075
-8.039313316345 -30.97384643555 0
0 0

0101101
*
Ed
 0.0030003000075 1 1 0
1  21 0 0 8.37974009333388
0

0101000
+252 0 -245 0 *
Ve
0.0030003000075
-8.039310455322 -30.9738483429 7.607778072357
0 0

0101101
*
Ed
 0.0030003000075 1 1 0
1  22 0 0 7.60777807235778
0

0101000
+245 0 -243 0 *
Ed
 0.0030003000075 1 1 0
1  23 0 0 8.37995699385579
0

0101000
+243 0 -250 0 *
Wi

0101000
+244 0 +242 0 +241 0 -249 0 *
Fa
0  1e-07 7 0

0111000
+240 0 *
Ve
0.0030003000075
-15.99999904633 -27.71281242371 0
0 0

0101101
*
Ed
 0.0030003000075 1 1 0
1  24 0 0 8.60272399405933
0

0101000
+245 0 -238 0 *
Ve
0.0030003000075
-15.99999904633 -27.71281242371 7.5
0 0

0101101
*
Ed
 0.0030003000075 1 1 0
1  25 0 0 7.5
0

0101000
+238 0 -236 0 *
Ed
 0.0030003000075 1 1 0
1  26 0 0 8.60340247937601
0

0101000
+236 0 -243 0 *
Wi

0101000
+237 0 +235 0 +234 0 -242 0 *
Fa
0  1e-07 8 0

0111000
+233 0 *
Ve
0.0030003000075
-7.5 -12.99038219452 7.5
0 0

0101101
*
Ed
 0.0030003000075 1 1 0
1  27 0 0 16.9999981070875
0

0101000
+236 0 -231 0 *
Ed
 0.0030003000075 1 1 0
1  28 0 0 17.99187390435
0

0101000
+231 0 -243 0 *
Wi

0101000
+230 0 +229 0 -234 0 *
Fa
0  1e-07 9 0

0111000
+228 0 *
Ed
 0.0030003000075 1 1 0
1  29 0 0 20.5387519734941
0

0101000
+231 0 -250 0 *
Wi

0101000
-229 0 +226 0 -241 0 *
Fa
0  1e-07 10 0

0111000
+225 0 *
Ed
 0.0030003000075 1 1 0
1  30 0 0 23.954820018195
0

0101000
+231 0 -257 0 *
Wi

0101000
-226 0 +223 0 -248 0 *
Fa
0  1e-07 11 0

0111000
+222 0 *
Ed
 0.0030003000075 1 1 0
1  31 0 0 27.7313295320688
0

0101000
+231 0 -264 0 *
Wi

0101000
-223 0 +220 0 -255 0 *
Fa
0  1e-07 12 0

0111000
+219 0 *
Ve
0.0030003000075
14.99999713898 4.510055759965e-07 8
0 0

0101101
*
Ed
 0.0030003000075 1 1 0
1  32 0 0 25.9855712373479
0

0101000
+231 0 -217 0 *
Ed
 0.0030003000075 1 1 0
1  33 0 0 27.7327219017608
0

0101000
+217 0 -264 0 *
Wi

0101000
-220 0 +216 0 +215 0 *
Fa
0  1e-07 13 0

0111000
+214 0 *
Ed
 0.0030003000075 1 1 0
1  34 0 0 23.9552790677854
0

0101000
+217 0 -271 0 *
Wi

0101000
-215 0 +212 0 -262 0 *
Fa
0  1e-07 14 0

0111000
+211 0 *
Ed
 0.0030003000075 1 1 0
1  35 0 0 20.539671858094
0

0101000
+217 0 -289 0 *
Wi

0101000
-212 0 +209 0 -269 0 *
Fa
0  1e-07 15 0

0111000
+208 0 *
Ed
 0.0030003000075 1 1 0
1  36 0 0 17.9922439485629
0

0101000
+217 0 -287 0 *
Wi

0101000
-209 0 +206 0 -286 0 *
Fa
0  1e-07 16 0

0111000
+205 0 *
Ed
 0.0030003000075 1 1 0
1  37 0 0 17.00000095367
0

0101000
+217 0 -282 0 *
Wi

0101000
+203 0 -281 0 -206 0 *
Fa
0  1e-07 17 0

0111000
+202 0 *
Ve
0.0030003000075
15.00000095367 6.85453414917e-07 7.5
0 0

0101101
*
Ed
 0.0030003000075 1 1 0
1  38 0 0 0.500000000014607
0

0101000
+217 0 -200 0 *
Ed
 0.0030003000075 1 1 0
1  39 0 0 16.99999713898
0

0101000
+200 0 -280 0 *
Wi

0101000
-203 0 +199 0 +198 0 -279 0 *
Fa
0  1e-07 18 0

0111000
+197 0 *
Ve
0.0030003000075
30.84379577637 8.524676322937 7.607778072357
0 0

0101101
*
Ed
 0.0030003000075 1 1 0
1  40 0 0 17.9918744221107
0

0101000
+200 0 -195 0 *
Ed
 0.0030003000075 1 1 0
1  41 0 0 8.60340120177654
0

0101000
+195 0 -280 0 *
Wi

0101000
+194 0 +193 0 -198 0 *
Fa
0  1e-07 19 0

0111000
+192 0 *
Ve
0.0030003000075
27.57308197021 16.23975753784 7.668254375458
0 0

0101101
*
Ed
 0.0030003000075 1 1 0
1  42 0 0 8.3799584925936
0

0101000
+190 0 -195 0 *
Ed
 0.0030003000075 1 1 0
1  43 0 0 20.5387530879549
0

0101000
+200 0 -190 0 *
Wi

0101000
+189 0 -194 0 +188 0 *
Fa
0  1e-07 20 0

0111000
+187 0 *
Ve
0.0030003000075
22.50722312927 22.74708938599 7.71205329895
0 0

0101101
*
Ed
 0.0030003000075 1 1 0
1  44 0 0 8.24683041683145
0

0101000
+185 0 -190 0 *
Ed
 0.0030003000075 1 1 0
1  45 0 0 23.9548198854739
0

0101000
+200 0 -185 0 *
Wi

0101000
+184 0 -188 0 +183 0 *
Fa
0  1e-07 21 0

0111000
+182 0 *
Ve
0.0030003000075
16.00131607056 27.71212005615 7.749995231628
0 0

0101101
*
Ed
 0.0030003000075 1 1 0
1  46 0 0 8.18411851102227
0

0101000
+180 0 -185 0 *
Ed
 0.0030003000075 1 1 0
1  47 0 0 27.7313304692524
0

0101000
+200 0 -180 0 *
Wi

0101000
+179 0 -183 0 +178 0 *
Fa
0  1e-07 22 0

0111000
+177 0 *
Ve
0.0030003000075
-7.499996185303 12.99037647247 8
0 0

0101101
*
Ed
 0.0030003000075 1 1 0
1  48 0 0 25.9855678087222
0

0101000
+200 0 -175 0 *
Ed
 0.0030003000075 1 1 0
1  49 0 0 27.7327228067388
0

0101000
+175 0 -180 0 *
Wi

0101000
-178 0 +174 0 +173 0 *
Fa
0  1e-07 23 0

0111000
+172 0 *
Ve
0.0030003000075
8.447023391724 30.8650226593 7.787850379944
0 0

0101101
*
Ed
 0.0030003000075 1 1 0
1  50 0 0 8.18593707004392
0

0101000
+170 0 -180 0 *
Ed
 0.0030003000075 1 1 0
1  51 0 0 23.9552795257273
0

0101000
+175 0 -170 0 *
Wi

0101000
+169 0 -173 0 +168 0 *
Fa
0  1e-07 24 0

0111000
+167 0 *
Ve
0.0030003000075
0.2796687185764 31.99897193909 7.831717967987
0 0

0101101
*
Ed
 0.0030003000075 1 1 0
1  52 0 0 8.24581394959909
0

0101000
+165 0 -170 0 *
Ed
 0.0030003000075 1 1 0
1  53 0 0 20.5396739621776
0

0101000
+175 0 -165 0 *
Wi

0101000
+164 0 -168 0 +163 0 *
Fa
0  1e-07 25 0

0111000
+162 0 *
Ve
0.0030003000075
-8.038353919983 30.97424316406 7.892165660858
0 0

0101101
*
Ed
 0.0030003000075 1 1 0
1  54 0 0 8.38112305132997
0

0101000
+160 0 -165 0 *
Ed
 0.0030003000075 1 1 0
1  55 0 0 17.992246065349
0

0101000
+175 0 -160 0 *
Wi

0101000
+159 0 -163 0 +158 0 *
Fa
0  1e-07 26 0

0111000
+157 0 *
Ve
0.0030003000075
-16 27.71281242371 8
0 0

0101101
*
Ed
 0.0030003000075 1 1 0
1  56 0 0 8.6044387976351
0

0101000
+155 0 -160 0 *
Ed
 0.0030003000075 1 1 0
1  57 0 0 17.0000054467117
0

0101000
+175 0 -155 0 *
Wi

0101000
+154 0 -158 0 +153 0 *
Fa
0  1e-07 27 0

0111000
+152 0 *
Ve
0.0030003000075
-7.500000953674 12.99038124084 7.5
0 0

0101101
*
Ed
 0.0030003000075 1 1 0
1  58 0 0 0.500000000045475
0

0101000
+175 0 -150 0 *
Ve
0.0030003000075
-16 27.71281242371 7.5
0 0

0101101
*
Ed
 0.0030003000075 1 1 0
1  59 0 0 16.9999989329966
0

0101000
+150 0 -148 0 *
Ed
 0.0030003000075 1 1 0
1  60 0 0 0.5
0

0101000
+148 0 -155 0 *
Wi

0101000
-153 0 +149 0 +147 0 +146 0 *
Fa
0  1e-07 28 0

0111000
+145 0 *
Ve
0.0030003000075
-15.9999961853 27.71281433105 0
0 0

0101101
*
Ed
 0.0030003000075 1 1 0
1  61 0 0 7.50000000000121
0

0101000
+148 0 -143 0 *
Ve
0.0030003000075
-8.038350105286 30.97424507141 0
0 0

0101101
*
Ed
 0.0030003000075 1 1 0
1  62 0 0 8.6037630591252
0

0101000
+143 0 -141 0 *
Ed
 0.0030003000075 1 1 0
1  63 0 0 7.89216566085915
0

0101000
+141 0 -160 0 *
Wi

0101000
-154 0 -146 0 +142 0 +140 0 +139 0 *
Fa
0  1e-07 29 0

0111000
+138 0 *
Ve
0.0030003000075
0.2796726822853 31.99897193909 0
0 0

0101101
*
Ed
 0.0030003000075 1 1 0
1  64 0 0 8.38090497785894
0

0101000
+141 0 -136 0 *
Ed
 0.0030003000075 1 1 0
1  65 0 0 7.831717967988
0

0101000
+136 0 -165 0 *
Wi

0101000
+135 0 +134 0 -159 0 -139 0 *
Fa
0  1e-07 30 0

0111000
+133 0 *
Ve
0.0030003000075
8.448594093323 30.86459350586 5.960464477539e-07
0 0

0101101
*
Ed
 0.0030003000075 1 1 0
1  66 0 0 8.24730813353593
0

0101000
+136 0 -131 0 *
Ed
 0.0030003000075 1 1 0
1  67 0 0 7.78784995411631
0

0101000
+131 0 -170 0 *
Wi

0101000
+130 0 +129 0 -164 0 -134 0 *
Fa
0  1e-07 31 0

0111000
+128 0 *
Ve
0.0030003000075
16.00131607056 27.71212005615 0
0 0

0101101
*
Ed
 0.0030003000075 1 1 0
1  68 0 0 8.18423473005055
0

0101000
+131 0 -126 0 *
Ed
 0.0030003000075 1 1 0
1  69 0 0 7.749995231628
0

0101000
+126 0 -180 0 *
Wi

0101000
+125 0 +124 0 -169 0 -129 0 *
Fa
0  1e-07 32 0

0111000
+123 0 *
Ve
0.0030003000075
22.50722503662 22.74708747864 0
0 0

0101101
*
Ed
 0.0030003000075 1 1 0
1  70 0 0 8.18403323370546
0

0101000
+126 0 -121 0 *
Ed
 0.0030003000075 1 1 0
1  71 0 0 7.71205329895047
0

0101000
+121 0 -185 0 *
Wi

0101000
+120 0 +119 0 -179 0 -124 0 *
Fa
0  1e-07 33 0

0111000
+118 0 *
Ve
0.0030003000075
27.57282447815 16.24019432068 0
0 0

0101101
*
Ed
 0.0030003000075 1 1 0
1  72 0 0 8.24620859978304
0

0101000
+121 0 -116 0 *
Ed
 0.0030003000075 1 1 0
1  73 0 0 7.66825439222071
0

0101000
+116 0 -190 0 *
Wi

0101000
+115 0 +114 0 -184 0 -119 0 *
Fa
0  1e-07 34 0

0111000
+113 0 *
Ve
0.0030003000075
30.84379577637 8.524673461914 0
0 0

0101101
*
Ed
 0.0030003000075 1 1 0
1  74 0 0 8.38024554269338
0

0101000
+116 0 -111 0 *
Ed
 0.0030003000075 1 1 0
1  75 0 0 7.60777807235754
0

0101000
+111 0 -195 0 *
Wi

0101000
+110 0 +109 0 -189 0 -114 0 *
Fa
0  1e-07 35 0

0111000
+108 0 *
Ed
 0.0030003000075 1 1 0
1  76 0 0 8.60272740066935
0

0101000
+111 0 -278 0 *
Wi

0101000
+106 0 -277 0 -193 0 -109 0 *
Fa
0  1e-07 36 0

0111000
+105 0 *
Ve
0.0030003000075
-22.8049030304 22.44874572754 0
0 0

0101101
*
Ed
 0.0030003000075 1 1 0
1  77 0 0 8.60332351088511
0

0101000
+143 0 -103 0 *
Ve
0.0030003000075
-27.8505859375 15.75911331177 0
0 0

0101101
*
Ed
 0.0030003000075 1 1 0
1  78 0 0 8.37914660673281
0

0101000
+103 0 -101 0 *
Ve
0.0030003000075
-30.95330619812 8.117765426636 0
0 0

0101101
*
Ed
 0.0030003000075 1 1 0
1  79 0 0 8.24724623843036
0

0101000
+101 0 -99 0 *
Ve
0.0030003000075
-32.00005722046 0.001481953077018 0
0 0

0101101
*
Ed
 0.0030003000075 1 1 0
1  80 0 0 8.18350445261298
0

0101000
+99 0 -97 0 *
Ve
0.0030003000075
-30.95396232605 -8.115067481995 0
0 0

0101101
*
Ed
 0.0030003000075 1 1 0
1  81 0 0 8.18368433287102
0

0101000
+97 0 -95 0 *
Ve
0.0030003000075
-27.85176086426 -15.7572851181 0
0 0

0101101
*
Ed
 0.0030003000075 1 1 0
1  82 0 0 8.24785695239232
0

0101000
+95 0 -93 0 *
Ve
0.0030003000075
-22.80576515198 -22.44808006287 0
0 0

0101101
*
Ed
 0.0030003000075 1 1 0
1  83 0 0 8.3802631057329
0

0101000
+93 0 -91 0 *
Ed
 0.0030003000075 1 1 0
1  84 0 0 8.60440928339013
0

0101000
+91 0 -238 0 *
Wi

0101000
-106 0 -110 0 -115 0 -120 0 -125 0 -130 0 -135 0 -140 0 +102 0 +100 0 
+98 0 +96 0 +94 0 +92 0 +90 0 +89 0 -237 0 -244 0 -251 0 -258 0 
-265 0 -272 0 -290 0 -276 0 *
Fa
0  1e-07 37 0

0111000
+88 0 *
Ve
0.0030003000075
-22.80530357361 -22.44854164124 7.892165660858
0 0

0101101
*
Ve
0.0030003000075
-15.99999904633 -27.71281242371 8
0 0

0101101
*
Ed
 0.0030003000075 1 1 0
1  85 0 0 8.60443750775629
0

0101000
+86 0 -85 0 *
Ed
 0.0030003000075 1 1 0
1  86 0 0 0.5
0

0101000
+85 0 -236 0 *
Ed
 0.0030003000075 1 1 0
1  87 0 0 7.89216568785371
0

0101000
+91 0 -86 0 *
Wi

0101000
+84 0 +83 0 -235 0 -89 0 +82 0 *
Fa
0  1e-07 38 0

0111000
+81 0 *
Ve
0.0030003000075
-27.85175704956 -15.75728607178 7.831717967987
0 0

0101101
*
Ed
 0.0030003000075 1 1 0
1  88 0 0 7.83171796798799
0

0101000
+93 0 -79 0 *
Ed
 0.0030003000075 1 1 0
1  89 0 0 8.38112448925147
0

0101000
+79 0 -86 0 *
Wi

0101000
-90 0 +78 0 +77 0 -82 0 *
Fa
0  1e-07 39 0

0111000
+76 0 *
Ve
0.0030003000075
-30.95340538025 -8.117175102234 7.787850379944
0 0

0101101
*
Ed
 0.0030003000075 1 1 0
1  90 0 0 7.78785068505076
0

0101000
+95 0 -74 0 *
Ed
 0.0030003000075 1 1 0
1  91 0 0 8.24581362629121
0

0101000
+74 0 -79 0 *
Wi

0101000
-92 0 +73 0 +72 0 -78 0 *
Fa
0  1e-07 40 0

0111000
+71 0 *
Ve
0.0030003000075
-32.00005722046 0.001484956592321 7.749995231628
0 0

0101101
*
Ed
 0.0030003000075 1 1 0
1  92 0 0 7.74999523162858
0

0101000
+97 0 -69 0 *
Ed
 0.0030003000075 1 1 0
1  93 0 0 8.1859363690204
0

0101000
+69 0 -74 0 *
Wi

0101000
-94 0 +68 0 +67 0 -73 0 *
Fa
0  1e-07 41 0

0111000
+66 0 *
Ve
0.0030003000075
-30.95316886902 8.118282318115 7.71205329895
0 0

0101101
*
Ed
 0.0030003000075 1 1 0
1  94 0 0 7.71205331749474
0

0101000
+99 0 -64 0 *
Ed
 0.0030003000075 1 1 0
1  95 0 0 8.18411963614032
0

0101000
+64 0 -69 0 *
Wi

0101000
-96 0 +63 0 +62 0 -68 0 *
Fa
0  1e-07 42 0

0111000
+61 0 *
Ve
0.0030003000075
-27.85058403015 15.75911140442 7.668254375458
0 0

0101101
*
Ed
 0.0030003000075 1 1 0
1  96 0 0 7.66825437545847
0

0101000
+101 0 -59 0 *
Ed
 0.0030003000075 1 1 0
