DBRep_DrawableShape

CASCADE Topology V1, (c) Matra-Datavision
Locations 3373
1
              0              -1               0             400 
              0               0              -1              46 
              1               0               0            -130 
2  1 -1 0
1
             -1              -0               0             400 
             -0               0              -1              46 
              0              -1              -0            -130 
2  3 -1 0
2  1 1 3 -1 0
1
             -1              -0               0             400 
             -0               0              -1              46 
              0              -1              -0             130 
1
              0              -1               0             400 
              0               0              -1              46 
              1               0               0             130 
2  7 -1 0
2  6 -1 0
2  7 1 6 -1 0
1
-0.622514636787667 0.782608156733061               0   270.437968864 
             -0               0              -1              46 
-0.782608156733061 -0.622514636787667               0             -16 
2  11 -1 0
1
             -1              -0               0             260 
             -0               0              -1              46 
              0              -1              -0            -120 
2  13 -1 0
1
              1               0               0             260 
              0               0              -1              46 
              0               1               0            -120 
2  15 1 13 -1 0
2  15 -1 0
2  13 1 15 -1 0
1
-0.0356138175822996 -0.999365626783919               0   270.437968864 
              0              -0              -1              46 
0.999365626783919 -0.0356138175822996               0              16 
2  19 -1 0
1
0.996698581751115 0.0811907453797259               0             400 
              0               0              -1           16.47 
-0.0811907453797259 0.996698581751115               0            -130 
2  21 -1 0
1
              1               0               0             400 
             -0               0               1            19.5 
              0              -1               0            -130 
2  21 1 23 -1 0
2  23 -1 0
1
             -1               0               0             400 
             -0              -0              -1    53.551046998 
              0              -1               0            -130 
2  21 1 26 -1 0
2  26 -1 0
1
             -0               1               0             400 
              0              -0               1              46 
              1               0               0            -130 
2  21 1 29 -1 0
2  29 -1 0
1
-0.983926950921651 -0.178571428985781               0             400 
              0              -0              -1              42 
0.178571428985781 -0.983926950921651               0            -130 
2  21 1 32 -1 0
2  32 -1 0
1
             -0               1               0             400 
              0              -0               1              25 
              1               0               0            -130 
2  21 1 35 -1 0
2  35 -1 0
1
             -1               0               0             400 
             -0              -0              -1              21 
              0              -1               0            -130 
2  21 1 38 -1 0
2  38 -1 0
1
0.996698581751115 0.0811907453797259               0             400 
              0               0              -1           16.47 
-0.0811907453797259 0.996698581751115               0            -130 
2  41 -1 0
1
              0              -1               0             400 
              0              -0              -1             171 
              1               0              -0            -130 
2  41 1 43 -1 0
2  43 -1 0
1
             -1               0               0             400 
             -0              -0              -1             159 
              0              -1               0            -130 
2  41 1 46 -1 0
2  46 -1 0
1
              1               0               0             400 
             -0               0               1   151.448953002 
              0              -1               0            -130 
2  41 1 49 -1 0
2  49 -1 0
1
              1               0               0             400 
             -0               0               1            19.5 
              0              -1               0            -130 
2  52 -1 0
1
             -1               0               0             400 
              0              -0               1            19.5 
              0               1               0            -130 
2  54 1 52 -1 0
2  54 -1 0
2  52 1 54 -1 0
1
-0.996698581751115 -0.0811907453797259               0             400 
              0              -0              -1           16.47 
0.0811907453797259 -0.996698581751115               0            -130 
2  58 -1 0
1
             -1               0               0             400 
              0              -0               1            19.5 
              0               1               0            -130 
1
              0               1               0             400 
              0               0              -1              21 
             -1               0              -0            -130 
2  58 1 61 -1 0
2  61 -1 0
1
-0.983926950921651 -0.178571428985781               0             400 
              0               0               1              25 
-0.178571428985781 0.983926950921651               0            -130 
2  58 1 64 -1 0
2  64 -1 0
1
              0               1               0             400 
              0               0              -1              42 
             -1               0              -0            -130 
2  58 1 67 -1 0
2  67 -1 0
1
             -1               0               0             400 
              0              -0               1              46 
              0               1               0            -130 
2  58 1 70 -1 0
2  70 -1 0
1
              1               0               0             400 
              0               0              -1    53.551046998 
              0               1               0            -130 
2  58 1 73 -1 0
2  73 -1 0
2  58 1 60 -1 0
2  60 -1 0
1
-0.996698581751115 -0.0811907453797259               0             400 
              0              -0              -1           16.47 
0.0811907453797259 -0.996698581751115               0            -130 
2  78 -1 0
1
              1               0               0             400 
              0               0              -1             171 
              0               1               0            -130 
2  78 1 80 -1 0
2  80 -1 0
1
             -1               0               0             400 
              0              -0               1   151.448953002 
              0               1               0            -130 
2  78 1 83 -1 0
2  83 -1 0
1
              0               1               0             400 
              0               0              -1             159 
             -1               0              -0            -130 
2  78 1 86 -1 0
2  86 -1 0
1
0.996698581751115 0.0811907453797259               0             400 
              0               0              -1           102.5 
-0.0811907453797259 0.996698581751115               0            -130 
2  89 -1 0
1
              1               0               0             400 
             -0               0               1   151.448953002 
              0              -1               0            -130 
2  89 1 91 -1 0
2  91 -1 0
1
-0.996666666668625 -0.0815815883128755               0             984 
0.0815815883128755 -0.996666666668625               0           102.5 
              0               0               1            -130 
2  89 1 94 -1 0
2  94 -1 0
1
             -1              -0               0             400 
             -0               0              -1    53.551046998 
              0              -1              -0            -130 
2  89 1 97 -1 0
2  97 -1 0
1
0.996666666668625 0.0815815883128755              -0            -184 
-0.0815815883128755 0.996666666668625               0           102.5 
              0               0               1            -130 
2  89 1 100 -1 0
2  100 -1 0
1
-0.996698581751115 -0.0811907453797259               0             400 
              0              -0              -1           102.5 
0.0811907453797259 -0.996698581751115               0            -130 
2  103 -1 0
1
              1               0               0             400 
              0               0              -1    53.551046998 
              0               1               0            -130 
2  103 1 105 -1 0
2  105 -1 0
1
-0.996666666668625 -0.0815815883128755              -0             984 
-0.0815815883128755 0.996666666668625               0           102.5 
              0               0              -1            -130 
2  103 1 108 -1 0
2  108 -1 0
1
             -1               0               0             400 
              0              -0               1   151.448953002 
              0               1               0            -130 
2  103 1 111 -1 0
2  111 -1 0
1
0.996666666668625 0.0815815883128755               0            -184 
0.0815815883128755 -0.996666666668625               0           102.5 
              0               0              -1            -130 
2  103 1 114 -1 0
2  114 -1 0
1
-0.983926950921651 0.178571428985781               0             400 
             -0               0              -1              25 
-0.178571428985781 -0.983926950921651               0            -130 
2  117 -1 0
1
-0.454670209132336 -0.890659868259235               0             400 
              0              -0              -1              25 
0.890659868259235 -0.454670209132336               0             130 
2  119 -1 0
1
-0.983926950921651 0.178571428985781               0             400 
             -0               0              -1              42 
-0.178571428985781 -0.983926950921651               0            -130 
2  121 -1 0
1
              0              -1               0             400 
              0               0              -1              42 
              1               0               0             130 
2  123 -1 0
1
              0               0              -1              58 
             -1               0               0               3 
              0               1               0            30.5 
2  125 -1 0
1
              0               0              -1              58 
              0              -1              -0               3 
             -1               0              -0           -30.5 
2  127 -1 0
1
              0               0              -1           59.25 
              0              -1              -0             9.3 
             -1               0              -0           -44.7 
2  129 -1 0
1
             -0               0              -1           59.25 
0.999999999995203 -3.09733967698514e-06              -0           24.85 
-3.09733967698514e-06 -0.999999999995203               0           -44.7 
2  131 -1 0
1
              0               0              -1           59.25 
             -0               1               0           24.85 
              1               0               0            44.7 
2  133 -1 0
1
              0               0              -1           59.25 
-0.999999999995219 3.09219563098522e-06               0             9.3 
3.09219563098522e-06 0.999999999995219               0            44.7 
2  135 -1 0
1
             -0               0              -1           57.56 
0.0314107590914804 -0.999506560365312              -0             9.3 
-0.999506560365312 -0.0314107590914804               0           -44.7 
2  137 -1 0
1
              0               0               1           59.25 
              0               1              -0             9.3 
             -1               0               0           -44.7 
2  137 1 139 -1 0
2  139 -1 0
1
              0               0              -1          143.75 
-0.999999999995186 -3.10296850098506e-06              -0             9.3 
-3.10296850098506e-06 0.999999999995186              -0           -44.7 
2  137 1 142 -1 0
2  142 -1 0
1
              0               0               1          143.75 
-0.999999999995186 3.10296850098506e-06               0             9.3 
-3.10296850098506e-06 -0.999999999995186               0           -44.7 
2  145 -1 0
1
              0               0               1          143.75 
              0               1              -0           24.85 
             -1               0               0           -44.7 
2  147 -1 0
1
              0              -0               1          143.75 
0.999999999995232 -3.08792922498528e-06              -0           24.85 
3.08792922498528e-06 0.999999999995232               0            44.7 
2  149 -1 0
1
              0              -0               1          143.75 
1.184237893e-14              -1              -0             9.3 
              1 1.184237893e-14               0            44.7 
2  151 -1 0
1
              0               0               1             145 
              0              -1               0               3 
              1               0               0            30.5 
2  153 -1 0
1
              0               0               1             145 
             -1               0               0               3 
              0              -1               0           -30.5 
2  155 -1 0
1
              0              -1               0            -133 
              0               0              -1             -21 
              1               0               0              47 
2  157 -1 0
1
             -1              -0               0            -133 
             -0               0              -1             -21 
              0              -1              -0             -47 
2  159 -1 0
1
0.0380889327621579 -0.999274353318967               0    40.156566443 
-0.999274353318967 -0.0380889327621579              -0    50.162065015 
              0               0              -1              86 
2  161 -1 0
1
0.984807752954882 -0.173648177992044               0               0 
0.173648177992044 0.984807752954882              -0            96.5 
              0               0               1              86 
2  163 -1 0
1
-0.707106781186548 0.707106781186548               0               0 
-0.707106781186548 -0.707106781186548               0            96.5 
              0               0               1              86 
2  165 -1 0
1
             -1               0               0               0 
              0               1               0            96.5 
              0               0              -1              86 
2  167 -1 0
1
              1               0               0               0 
              0              -1               0            96.5 
              0               0              -1              86 
2  169 1 167 -1 0
2  169 -1 0
2  167 1 169 -1 0
1
0.0578563241460323 -0.998324919931537               0               0 
-0.998324919931537 -0.0578563241460323              -0            96.5 
              0               0              -1              86 
2  173 -1 0
1
-0.929240788131163 -0.369474705052152              -0   -97.570282747 
-0.369474705052152 0.929240788131163               0    57.705155954 
              0               0              -1              86 
2  175 -1 0
1
-0.985992847238215 0.166787605040296               0   -98.407041144 
0.166787605040296 0.985992847238215               0    58.469692964 
              0               0              -1              86 
2  177 -1 0
1
-0.333806859055053 0.942641491155466               0   -85.203903974 
0.942641491155466 0.333806859055053               0    63.145169052 
              0               0              -1              86 
2  179 -1 0
1
0.447165002840005 0.894451485679966               0   -85.305782144 
0.894451485679966 -0.447165002840005               0      62.0482434 
              0               0              -1              86 
2  181 -1 0
1
-0.927236762447914 0.374475615180896               0               0 
-0.374475615180896 -0.927236762447914               0            96.5 
              0               0               1              86 
2  183 -1 0
1
-0.0524770226288385 0.998622131787601               0     4.827886083 
0.998622131787601 0.0524770226288385               0     4.626763876 
              0               0              -1              86 
2  185 -1 0
1
0.995396198363827 0.0958457525550326               0     6.074914036 
0.0958457525550326 -0.995396198363827               0    -8.324116593 
              0               0              -1              86 
2  187 -1 0
1
0.994663770997561 0.103169678999747              -0               0 
-0.103169678999747 0.994663770997561               0            96.5 
              0               0               1    87.137922965 
2  189 -1 0
1
             -1               0               0               0 
             -0              -1               0            96.5 
              0              -0               1            64.5 
2  189 1 191 -1 0
2  191 -1 0
1
              1               0               0               0 
              0              -1               0            96.5 
              0               0              -1              86 
2  189 1 194 -1 0
2  194 -1 0
1
0.870819078186888 0.491603634105504              -0               0 
-0.491603634105504 0.870819078186888               0            96.5 
              0               0               1            64.5 
2  197 -1 0
1
0.984807752954882 -0.173648177992044               0               0 
0.173648177992044 0.984807752954882              -0            96.5 
              0               0               1            64.5 
2  199 -1 0
1
-0.705373713059667 -0.70883561205996               0               0 
0.70883561205996 -0.705373713059667               0            96.5 
              0               0               1            64.5 
2  201 -1 0
1
-0.884094181666871 0.467308760823917               0               0 
-0.467308760823917 -0.884094181666871               0            96.5 
              0               0               1            64.5 
2  203 -1 0
1
-0.132542381975257 0.99117733881497               0   -16.767181412 
0.99117733881497 0.132542381975257               0    69.833323651 
              0               0              -1            64.5 
2  205 -1 0
1
-0.53229147308242 0.846561154131081               0               0 
-0.846561154131081 -0.53229147308242               0            96.5 
              0               0               1            64.5 
2  207 -1 0
1
             -1               0               0               0 
              0               1               0            96.5 
              0               0              -1            64.5 
2  209 -1 0
1
              1               0               0               0 
              0              -1               0            96.5 
              0               0              -1            64.5 
2  211 1 209 -1 0
2  211 -1 0
2  209 1 211 -1 0
1
-0.994663770997561 -0.103169678999747               0               0 
0.103169678999747 -0.994663770997561               0            96.5 
              0               0               1    87.137922965 
2  215 -1 0
1
              1               0               0               0 
              0               1               0            96.5 
              0               0               1            64.5 
2  215 1 217 -1 0
2  217 -1 0
1
             -1               0               0               0 
              0               1               0            96.5 
              0               0              -1              86 
2  215 1 220 -1 0
2  220 -1 0
1
-0.491820509822415 0.870696609685612               0               0 
0.870696609685612 0.491820509822415               0            96.5 
              0               0              -1          -89.44 
2  223 -1 0
1
-0.453990500022515 -0.891006524044188               0               0 
0.891006524044188 -0.453990500022515              -0            96.5 
              0              -0               1             -86 
2  223 1 225 -1 0
2  225 -1 0
1
0.984807752954882 0.173648177992044               0               0 
0.173648177992044 -0.984807752954882               0            96.5 
              0               0              -1           -64.5 
2  223 1 228 -1 0
2  228 -1 0
1
-0.491820509822415 0.870696609685612               0               0 
0.870696609685612 0.491820509822415               0            96.5 
              0               0              -1          -89.44 
2  231 -1 0
1
-0.453990500022515 -0.891006524044188               0               0 
0.891006524044188 -0.453990500022515              -0            96.5 
              0              -0               1            64.5 
2  231 1 233 -1 0
2  233 -1 0
1
0.984807752954882 0.173648177992044               0               0 
0.173648177992044 -0.984807752954882               0            96.5 
              0               0              -1              86 
2  231 1 236 -1 0
2  236 -1 0
1
0.981771341503872 -0.190065864903952               0               0 
-0.190065864903952 -0.981771341503872              -0            96.5 
              0               0              -1           -64.5 
2  239 -1 0
1
0.900509912690625 -0.43483548285061               0               0 
-0.43483548285061 -0.900509912690625              -0            96.5 
              0               0              -1           -64.5 
2  241 -1 0
1
0.53229147308242 -0.846561154131081               0   -16.767181412 
0.846561154131081 0.53229147308242              -0    69.833323651 
              0               0               1           -64.5 
2  243 -1 0
1
-0.626035805084784 -0.779794313105608              -0               0 
-0.779794313105608 0.626035805084784               0            96.5 
              0               0              -1           -64.5 
2  245 -1 0
1
-0.990605788008107 0.136748575001119               0               0 
0.136748575001119 0.990605788008107               0            96.5 
              0               0              -1           -64.5 
2  247 -1 0
1
-0.453990500022515 0.891006524044188               0               0 
0.891006524044188 0.453990500022515               0            96.5 
              0               0              -1           -64.5 
2  249 -1 0
1
              1               0               0               0 
              0               1               0            96.5 
              0               0               1           -64.5 
2  251 -1 0
1
             -1               0               0               0 
              0              -1               0            96.5 
              0               0               1           -64.5 
2  253 1 251 -1 0
2  253 -1 0
2  251 1 253 -1 0
1
-0.994663770997561 -0.103169678999747               0               0 
-0.103169678999747 0.994663770997561               0            96.5 
             -0               0              -1   -87.137922965 
2  257 -1 0
1
              1               0               0               0 
              0              -1               0            96.5 
              0               0              -1           -64.5 
2  257 1 259 -1 0
2  259 -1 0
1
             -1               0               0               0 
             -0              -1               0            96.5 
              0              -0               1             -86 
2  257 1 262 -1 0
2  262 -1 0
1
0.994663770997561 0.103169678999747               0               0 
0.103169678999747 -0.994663770997561               0            96.5 
              0               0              -1   -87.137922965 
2  265 -1 0
1
             -1               0               0               0 
              0               1               0            96.5 
              0               0              -1           -64.5 
2  265 1 267 -1 0
2  267 -1 0
1
              1               0               0               0 
              0               1               0            96.5 
              0               0               1             -86 
2  265 1 270 -1 0
2  270 -1 0
1
0.984807752954882 -0.173648177992044               0               0 
0.173648177992044 0.984807752954882              -0            96.5 
              0               0               1             -86 
2  273 -1 0
1
-0.891006524044188 0.453990500022515               0               0 
-0.453990500022515 -0.891006524044188               0            96.5 
              0               0               1             -86 
2  275 -1 0
1
             -1               0               0               0 
              0               1               0            96.5 
              0               0              -1             -86 
2  277 -1 0
1
              1               0               0               0 
              0              -1               0            96.5 
              0               0              -1             -86 
2  279 1 277 -1 0
2  279 -1 0
2  277 1 279 -1 0
1
-0.965360499886811 0.0330425062497557 -0.258819044969687  -433.306348244 
-0.258667566207288 0.00885371286065213 0.965925826324661    29.294200244 
0.0342081196601629 0.99941473100476               0              80 
2  283 -1 0
1
              0               0               1            -410 
             -1               0               0               5 
              0              -1               0              50 
2  285 -1 0
1
              0              -0               1            -410 
              1               0              -0               5 
              0               1               0              50 
2  287 -1 0
2  285 1 287 -1 0
1
              0               0               1            -410 
-0.947368421147775 0.320145396049938               0               5 
-0.320145396049938 -0.947368421147775               0             -50 
2  290 -1 0
1
              0              -0               1            -410 
              1               0              -0               5 
              0               1               0             -50 
2  292 -1 0
1
              0               0               1            -410 
0.499999999906659 0.866025403838329              -0              -7 
-0.866025403838329 0.499999999906659               0   -25.452994616 
2  294 -1 0
1
              0              -0               1            -410 
0.983236442108355 -0.182335128020094              -0              -7 
0.182335128020094 0.983236442108355               0    25.452994616 
2  296 -1 0
1
              0               0               1         -409.98 
-0.99802672842654 -0.0627905195568356               0               5 
0.0627905195568356 -0.99802672842654               0              50 
2  298 -1 0
1
              0              -0              -1            -410 
             -1               0              -0               5 
              0               1              -0              50 
2  298 1 300 -1 0
2  300 -1 0
1
              0              -0               1            -411 
              1               0              -0               5 
              0               1               0              50 
2  298 1 303 -1 0
2  303 -1 0
1
              0               0               1  -409.804995667 
0.99802672842654 0.0627905195568356              -0               5 
-0.0627905195568356 0.99802672842654               0              50 
2  306 -1 0
1
              0               0              -1            -410 
              1               0               0               5 
              0              -1              -0              50 
2  306 1 308 -1 0
2  308 -1 0
1
              0               0               1            -411 
             -1               0               0               5 
              0              -1               0              50 
2  306 1 311 -1 0
2  311 -1 0
1
              0               0              -1            -411 
             -1               0               0               5 
              0               1               0              50 
2  314 -1 0
1
              0               0              -1            -411 
              1               0               0               5 
              0              -1               0              50 
2  316 1 314 -1 0
2  316 -1 0
2  314 1 316 -1 0
1
              0               0               1            -411 
             -1               0               0               5 
              0              -1               0              50 
2  320 -1 0
1
              0              -0               1            -411 
              1               0              -0               5 
              0               1               0              50 
2  322 1 320 -1 0
2  322 -1 0
2  320 1 322 -1 0
1
              0               0               1          -150.9 
-0.996314494822472 -0.0857754475747161               0               5 
0.0857754475747161 -0.996314494822472               0              50 
2  326 -1 0
1
              0              -0               1            -411 
              1               0              -0               5 
              0               1               0              50 
2  326 1 328 -1 0
2  328 -1 0
1
              0              -0              -1            -156 
             -1               0              -0               5 
              0               1              -0              50 
2  326 1 331 -1 0
2  331 -1 0
1
              0               0               1          -150.9 
0.996314494822472 0.0857754475747161              -0               5 
-0.0857754475747161 0.996314494822472               0              50 
2  334 -1 0
1
              0               0               1            -411 
             -1               0               0               5 
              0              -1               0              50 
2  334 1 336 -1 0
2  336 -1 0
1
              0               0              -1            -156 
              1               0               0               5 
              0              -1              -0              50 
2  334 1 339 -1 0
2  339 -1 0
1
              0               0              -1            -156 
              1               0               0               5 
              0              -1               0              50 
2  342 -1 0
1
              0               0              -1            -156 
             -1               0               0               5 
              0               1               0              50 
2  344 1 342 -1 0
2  344 -1 0
2  342 1 344 -1 0
1
              0               0               1            -156 
             -1               0               0               5 
              0              -1               0              50 
2  348 -1 0
1
              0              -0               1            -156 
              1               0              -0               5 
              0               1               0              50 
2  350 1 348 -1 0
2  350 -1 0
2  348 1 350 -1 0
1
              0               0              -1            -156 
             -0               1               0               5 
              1               0               0              50 
2  354 -1 0
1
              0               0              -1            -156 
              0              -1              -0               5 
             -1               0              -0              50 
2  356 -1 0
1
              0              -0               1            -156 
              1               0              -0               5 
              0               1               0              50 
2  358 -1 0
1
              0               0               1            -156 
             -1               0               0               5 
              0              -1               0              50 
2  360 1 358 -1 0
2  360 -1 0
2  358 1 360 -1 0
1
              0               0               1  -154.862077035 
-0.99802672842654 -0.0627905195568356               0               5 
0.0627905195568356 -0.99802672842654               0              50 
2  364 -1 0
1
              0              -0               1            -161 
              1               0              -0               5 
              0               1               0              50 
2  364 1 366 -1 0
2  366 -1 0
1
              0              -0              -1            -156 
             -1               0              -0               5 
              0               1              -0              50 
2  364 1 369 -1 0
2  369 -1 0
1
              0               0               1  -161.171572875 
1.792718021e-13               1              -0               5 
             -1 1.792718021e-13               0              50 
2  364 1 372 -1 0
2  372 -1 0
1
              0               0              -1            -161 
0.320145396049938 0.947368421147775               0               5 
0.947368421147775 -0.320145396049938               0             -50 
2  375 -1 0
1
              0               0              -1            -161 
              1               0               0               5 
              0              -1               0             -50 
2  377 -1 0
1
              0               0              -1            -161 
-0.554433696932625 -0.832227898898867              -0               5 
-0.832227898898867 0.554433696932625               0             -50 
2  379 -1 0
1
              0               0              -1            -161 
0.554433696932625 0.832227898898867               0               5 
0.832227898898867 -0.554433696932625               0              50 
2  381 -1 0
1
              0               0              -1            -161 
              1               0               0               5 
              0              -1               0              50 
2  383 -1 0
1
              0               0              -1            -161 
-0.947368421147775 0.320145396049938               0               5 
0.320145396049938 0.947368421147775               0              50 
2  385 -1 0
1
              0               0               1  -154.862077035 
-0.99802672842654 -0.0627905195568356               0               5 
0.0627905195568356 -0.99802672842654               0             -50 
2  387 -1 0
1
              0              -0               1            -161 
              1               0              -0               5 
              0               1               0             -50 
2  387 1 389 -1 0
2  389 -1 0
1
              0              -0              -1            -156 
             -1               0              -0               5 
              0               1              -0             -50 
2  387 1 392 -1 0
2  392 -1 0
1
              0               0               1            -161 
-0.554433696932625 0.832227898898867               0               5 
-0.832227898898867 -0.554433696932625               0             -50 
2  387 1 395 -1 0
2  395 -1 0
1
              0               0               1  -161.171572875 
0.258819045079135 0.965925826295335              -0               5 
-0.965925826295335 0.258819045079135               0             -50 
2  387 1 398 -1 0
2  398 -1 0
1
              0               0               1  -154.862077035 
0.99802672842654 0.0627905195568356              -0               5 
-0.0627905195568356 0.99802672842654               0             -50 
2  401 -1 0
1
              0              -0               1            -161 
0.320145396049938 -0.947368421147775              -0               5 
0.947368421147775 0.320145396049938               0             -50 
2  401 1 403 -1 0
2  403 -1 0
1
              0               0               1  -161.171572875 
             -1               0               0               5 
              0              -1               0             -50 
2  401 1 406 -1 0
2  406 -1 0
1
              0               0              -1            -156 
              1               0               0               5 
              0              -1              -0             -50 
2  401 1 409 -1 0
2  409 -1 0
1
-0.370277424004688 0.928921218011761               0            -164 
              0              -0               1    25.937922965 
0.928921218011761 0.370277424004688               0             -32 
2  412 -1 0
1
              0              -1               0            -164 
              0              -0              -1            24.8 
              1               0              -0             -32 
2  412 1 414 -1 0
2  414 -1 0
1
0.942809041733257 0.333333332905692 -4.03896783473158e-28            -164 
1.96496985025649e-12 -5.55777403179539e-12               1               5 
0.333333332905692 -0.942809041733257 -5.89490955833219e-12             -32 
2  412 1 417 -1 0
2  417 -1 0
1
0.607788507371854 0.361376714626519 -0.707106781492327            -164 
-0.511063851171658 0.859542750551474 -2.77555756156289e-17            24.8 
0.607788507897515 0.361376714939065 0.707106780880768             -32 
2  420 -1 0
1
              0               0               1            -164 
              0              -1               0            24.8 
              1               0               0             -32 
2  420 1 422 -1 0
1
              0              -1               0            -164 
              1               0              -0            24.8 
              0               0               1             -32 
2  424 1 422 -1 0
1
              1               0               0            -164 
             -0               0               1            24.8 
              0              -1               0             -32 
2  420 1 426 -1 0
2  422 1 426 -1 0
2  420 1 424 -1 0
2  426 1 424 -1 0
1
              0               0              -1  -170.582031982 
-0.370277424004688 0.928921218011761               0            24.8 
0.928921218011761 0.370277424004688               0             -32 
2  431 -1 0
1
              0               0              -1            -164 
              1               0               0            24.8 
              0              -1              -0             -32 
2  431 1 433 -1 0
2  433 -1 0
1
-0.370277424004688 0.928921218011761               0            -164 
0.928921218011761 0.370277424004688               0            24.8 
              0               0              -1   -64.467500202 
2  436 -1 0
1
              1               0               0            -164 
              0              -1               0            24.8 
              0               0              -1             -32 
1
              0              -1               0            -164 
              1               0              -0            24.8 
              0               0               1   -63.329577237 
2  436 1 439 -1 0
2  439 -1 0
2  436 1 438 -1 0
2  438 -1 0
1
0.607788508033672 0.361376714710067 -0.707106780880768            -164 
0.607788507508011 0.361376714397521 0.707106781492327            24.8 
0.511063850847806 -0.859542750744029               0   -63.329577237 
2  444 -1 0
1
              0              -0               1            -164 
              1               0              -0            24.8 
              0               1               0   -63.329577237 
2  444 1 446 -1 0
2  446 -1 0
1
              1               0               0            -164 
              0              -1               0            24.8 
              0               0              -1   -63.329577237 
